0.5229620139290674
1.3275189584353058
1.810253125139063
1.9711645140403107
1.810253125139056
1.3275189584353058
0.5229620139290674
0.09978939354444805
0.2915923837337715
0.473027644723679
0.6440951765141563
0.8047949791052105
0.9551270524968487
1.0950913966890496
1.224688011681863
1.3439168974751965
1.4527780540691708
1.5512714814636723
1.6393971796587792
1.7171551486544345
1.7845453884507094
1.8143526098990463
1.8661912558961546
1.907662172693847
1.9387653602921162
1.9595008186909624
1.9698685478903855
1.9698685478903855
1.9595008186909553
1.9387653602921162
1.9076621726938399
1.8661912558961546
1.8143526098990463
1.7521462347025079
1.6795721303065392
1.5966302967111545
1.503320733916354
1.399643441922123
1.285598420728462
1.1611856703353851
1.0264051907428922
0.8812569819509619
0.7257410439596157
0.5598573767688606
0.3836059803786682
0.19698685478904565
0
0.09274753665835789
0.1832601929153057
0.2715379687708577
0.35758086422499247
0.4413888792777314
0.5229620139290674
0.602300268178972
0.679403642027502
0.7542721354746078
0.8269057485203106
0.8973044811646034
0.9654683334075003
1.03139730524898
1.0950913966890639
1.1565506077277377
1.2157749383650014
1.272764388600855
1.32751895843532
1.3800386478683677
1.4303234569000125
1.478373385530226
1.5241884337590506
1.5677686015864722
1.609113889012498
1.6482242960370996
1.6850998226603053
1.719740468882101
1.7521462347024936
1.7823171201214763
1.810253125139056
1.8359542497552255
1.8594204939699992
1.8806518577833486
1.8996483411953022
1.9164099442058529
1.9309366668149934
1.943228509022724
1.9532854708290586
1.961107552233976
1.9666947532374905
1.970047073839602
1.9711645140403036
1.9700470738396092
1.9666947532375048
1.9611075522339831
1.9532854708290586
1.9432285090227381
1.9309366668150005
1.91640994420586
1.8996483411953164
1.8806518577833558
1.8594204939699992
1.8359542497552326
1.810253125139063
1.7823171201214763
1.7521462347025007
1.719740468882108
1.6850998226603195
1.6482242960371138
1.6091138890125052
1.5677686015864936
1.524188433759079
1.478373385530233
1.4303234569000054
1.3800386478683606
1.32751895843532
1.2727643886008622
1.2157749383650085
1.1565506077277377
1.095091396689071
1.031397305248987
0.9654683334075145
0.8973044811646176
0.8269057485203248
0.7542721354746149
0.6794036420275091
0.6023002681789933
0.5229620139290745
0.4413888792777527
0.3575808642250138
0.271537968770879
0.18326019291533413
0.0927475366583792
0
0.06358174914743842
0.12612117453836902
0.1876182761727847
0.24807305405068547
0.3074855081720713
0.36585563853692804
0.42318344514528405
0.47946892799711804
0.5347120870924371
0.5889129224312413
0.6420714340135376
0.6941876218393048
0.7452614859085713
0.7952930262213016
0.8442822427775312
0.8922291355772387
0.9391337046204242
0.9849959499071232
1.029815871437286
1.0735934692109268
1.1163287432280597
1.1580216934886849
1.1986723199928022
1.2382806227403762
1.2768466017314353
1.3143702569660007
1.3508515884440513
1.3862905961655656
1.420687280130572
1.454041640339078
1.4863536767910617
1.5176233894865163
1.5478507784254703
1.577035843607895
1.6051785850338192
1.6322790027032141
1.6583370966161155
1.6833528667724735
1.707326313172338
1.730257435815659
1.7521462347025079
1.772992709832799
1.792796861206611
1.8115586888238724
1.8292781926846544
1.845955372788886
1.8615902291366382
1.8761827617278328
1.889732970562548
1.902240855640727
1.9137064169624125
1.9241296545275404
1.933510568336203
1.9418491583883153
1.949145424683934
1.9553993672230092
1.9606109860056051
1.9647802810316435
1.9679072523012096
1.9699918998142252
1.9710342235707543
1.9710342235707472
1.9699918998142323
1.9679072523012024
1.9647802810316506
1.960610986005591
1.9553993672230163
1.9491454246839197
1.9418491583883224
1.9335105683361888
1.9241296545275546
1.9137064169623983
1.90224085564072
1.896117203571194
1.883088156614754
1.8690167859017919
1.8539030914323291
1.8377470732063301
1.8205487312238233
1.8023080654848016
1.783025075989272
1.7626997627372205
1.741332125728654
1.7189221649635655
1.6954698804419763
1.670975272163858
1.6454383401292318
1.6188590843380837
1.5912375047904277
1.5625736014862497
1.5328673744255568
1.502118823608356
1.4703279490346404
1.4374947507044027
1.403619228617643
1.3687013827743755
1.332741213174586
1.2957387198182957
1.2576939027054763
1.2186067618361562
1.178477297210307
1.137305508827943
1.095091396689071
1.051834960793677
1.0075362011417752
0.9621951177333514
0.9158117105684127
0.8683859796469591
0.8199179249689905
0.770407546534507
0.7198548443435087
0.6682598183959882
0.61562246869196
0.5619427952314169
0.5072207980143588
0.45145647704077874
0.39464983231068373
0.3368008638240809
0.2779095715809561
0.21797595558131633
0.15700001582516165
0.09498175231249917
0.03192116504330755
0.02690978014570078
0.08017449960934897
0.13269943130268302
0.18448457522567452
0.23552993137833766
0.28583549976067957
0.3354012803726931
0.38422727321437833
0.43231347828571387
0.4796598955867353
0.5262665251174496
0.5721333668778144
0.6172604208678436
0.6616476870875587
0.7052951655369526
0.7482028562159968
0.7903707591247127
0.8317988742631073
0.8724872016311878
0.9124357412289257
0.9516444930563353
0.9901134571134307
1.0278426334001765
1.064832021916608
1.1010816226627043
1.136591435638465
1.1713614608439116
1.2053916982790156
1.2386821479437984
1.27123280983826
1.303043683962386
1.3341147703161838
1.3644460688996602
1.3940375797127942
1.4228893027555998
1.4510012380280841
1.478373385530233
1.5050057452620678
1.530898317223567
1.556051101414731
1.5804640978355806
1.6041373064860878
1.6270707273662737
1.6492643604761241
1.6707182058156533
1.6914322633848542
1.7114065331837196
1.7306410152122709
1.7491357094704796
1.76689061595836
1.783905734675919
1.8001810656231427
1.8157166088000452
1.8305123642066192
1.8445683318428578
1.8578845117087681
1.870460903804343
1.8822975081296107
1.893394324684536
1.9037513534691328
1.9133685944834014
1.9222460477273557
1.9303837132009605
1.937781590904244
1.944439680837199
1.9503579829998259
1.9555364973921314
1.9599752240140944
1.9636741628657433
1.9666333139470566
1.9688526772580417
1.9703322527986984
1.9710720405690267
1.9710720405690267
1.9703322527986913
1.9688526772580417
1.9666333139470424
1.963674162865729
1.9599752240140873
1.9555364973921172
1.9503579829998188
1.944439680837192
1.9377815909042369
1.9303837132009534
1.9222460477273344
1.9133685944833871
1.9037513534691257
1.8933943246845217
1.8822975081295965
1.870460903804343
1.857884511708754
1.8445683318428365
1.830512364206598
1.815716608800031
1.8001810656231356
1.7839057346759049
1.7668906159583457
1.7491357094704583
1.7306410152122425
1.7114065331837054
1.69143226338484
1.670718205815632
1.64926436047611
1.6270707273662524
1.6041373064860664
1.5804640978355593
1.5560511014147096
1.5308983172235457
1.5050057452620393
1.4783733855302188
1.45100123802807
1.4228893027555785
1.3940375797127729
1.3644460688996247
1.3341147703161624
1.3030436839623718
1.2712328098382315
1.2386821479437842
1.2053916982790014
1.1713614608438903
1.1365914356384508
1.1010816226626758
1.0648320219165797
1.0278426334001551
0.9901134571133952
0.9516444930563139
0.9124357412289115
0.8724872016311664
0.8317988742631002
0.7903707591246985
0.7482028562159684
0.7052951655369242
0.6616476870875374
0.6172604208678365
0.572133366877793
0.5262665251174212
0.47965989558672817
0.43231347828569966
0.3842272732143499
0.3354012803726647
0.28583549976065115
0.23552993137830924
0.1844845752256532
0.1326994313026546
0.08017449960932055
0.026909780145672357
0.053634613348812366
0.10652943892730349
0.15868447673546626
0.21009972677329358
0.26077518904078545
0.3107108635379774
0.35990675026482677
0.4083628492213407
0.45607916040751917
0.5030556838233764
0.5492924194689124
0.5947893673441129
0.6395465274489993
0.6835638997835503
0.7268414843477657
0.7693792811416458
0.8111772901652046
0.8522355114184279
0.8925539449013442
0.9321325906139108
0.9709714485561634
1.0090705187280733
1.046429801129662
1.0830492957609295
1.1189290026218615
1.1540689217124722
1.1884690530327475
1.2221293965826945
1.255049952362313
1.2872307203716034
1.3186717006105582
1.3493728930791917
1.379334297777497
1.4085559147054738
1.4370377438631223
1.4647797852504496
1.4917820388674414
1.5180445047140836
1.5435671827904258
1.5683500730964255
1.592393175632111
1.615696490397454
1.6382600173924757
1.6600837566171691
1.681167708071527
1.7015118717555637
1.721116247669272
1.739980835812645
1.7581056361857037
1.7754906487884128
1.7921358736208077
1.8080413106828672
1.8232069599746055
1.8376328214960083
1.8513188952470827
1.864265181227836
1.8764716794382537
1.8879383898783502
1.8986653125481112
1.908652447447544
1.9178997945766554
1.9264073539354314
1.934175125523879
1.9412031093419984
1.9474913053897893
1.953039713667252
1.9578483341743862
1.9619171669111992
1.9652462118776768
1.967835469073833
1.969684938499654
1.9707946201551465
1.9711645140403107
1.9707946201551465
1.9696849384996469
1.967835469073833
1.9652462118776768
1.9619171669112063
1.9578483341744004
1.953039713667252
1.9474913053898035
1.9412031093420055
1.9341751255238862
1.9264073539354314
1.9178997945766554
1.908652447447551
1.8986653125481183
1.887938389878343
1.8764716794382608
1.864265181227836
1.8513188952470898
1.8376328214960083
1.8232069599745984
1.8080413106828672
1.7921358736208077
1.77549064878842
1.7581056361856895
1.739980835812645
1.721116247669272
1.7015118717555637
1.681167708071527
1.660083756617155
1.6382600173924686
1.615696490397454
1.592393175632111
1.5683500730964326
1.5435671827904258
1.5180445047140907
1.4917820388674272
1.4647797852504283
1.4370377438631152
1.4085559147054596
1.379334297777497
1.3493728930791917
1.3186717006105582
1.2872307203715962
1.2550499523622989
1.2221293965826874
1.1884690530327333
1.154068921712458
1.1189290026218544
1.0830492957609223
1.046429801129662
1.0090705187280804
0.9709714485561562
0.9321325906139037
0.89255394490133
0.8522355114184208
0.8111772901651904
0.7693792811416245
0.7268414843477444
0.6835638997835218
0.6395465274489709
0.5947893673440987
0.5492924194688982
0.5030556838233693
0.45607916040750496
0.4083628492213123
0.35990675026479124
0.3107108635379561
0.26077518904077834
0.21009972677327227
0.15868447673544495
0.10652943892728217
0.053634613348783944
0
0.06358174914743842
0.12612117453836902
0.1876182761727847
0.24807305405068547
0.3074855081720713
0.36585563853692804
0.42318344514528405
0.47946892799711804
0.5347120870924371
0.5889129224312413
0.6420714340135376
0.6941876218393048
0.7452614859085713
0.7952930262213016
0.8442822427775312
0.8922291355772387
0.9391337046204242
0.9849959499071232
1.029815871437286
1.0735934692109268
1.1163287432280597
1.1580216934886849
1.1986723199928022
1.2382806227403762
1.2768466017314353
1.3143702569660007
1.3508515884440513
1.3862905961655656
1.420687280130572
1.454041640339078
1.4863536767910617
1.5176233894865163
1.5478507784254703
1.577035843607895
1.6051785850338192
1.6322790027032141
1.6583370966161155
1.6833528667724735
1.707326313172338
1.730257435815659
1.7521462347025079
1.772992709832799
1.792796861206611
1.8115586888238724
1.8292781926846544
1.845955372788886
1.8615902291366382
1.8761827617278328
1.889732970562548
1.896117203571194
1.908103926771119
1.9190483262145364
1.9289504019014387
1.937810153831819
1.9456275820056774
1.952402686423035
1.9581354670838635
1.9628259239881913
1.966474057135997
1.9690798665272808
1.9706433521620497
1.9711645140403107
1.9706433521620497
1.9690798665272808
1.966474057135997
1.9628259239881842
1.9581354670838635
1.952402686423028
1.9456275820056774
1.937810153831812
1.9289504019014316
1.9190483262145364
1.908103926771119
1.896117203571194
1.883088156614754
1.8690167859017919
1.8539030914323291
1.8377470732063301
1.8205487312238233
1.8023080654848016
1.783025075989272
1.7626997627372205
1.741332125728654
1.7189221649635655
1.6954698804419763
1.670975272163858
1.6454383401292318
1.6188590843380837
1.5912375047904277
1.5625736014862497
1.5328673744255568
1.502118823608356
1.4703279490346404
1.4374947507044027
1.403619228617643
1.3687013827743755
1.332741213174586
1.2957387198182957
1.2576939027054763
1.2186067618361562
1.178477297210307
1.137305508827943
1.095091396689071
1.051834960793677
1.0075362011417752
0.9621951177333514
0.9158117105684127
0.8683859796469591
0.8199179249689905
0.770407546534507
0.7198548443435087
0.6682598183959882
0.61562246869196
0.5619427952314169
0.5072207980143588
0.45145647704077874
0.39464983231068373
0.3368008638240809
0.2779095715809561
0.21797595558131633
0.15700001582516165
0.09498175231249917
0.03192116504330755
0.04665312837936142
0.13828322483701072
0.22767844089327127
0.31483877654810755
0.39976423180154086
0.4824548066535712
0.5629105011041986
0.6411313151534159
0.7171172488012303
0.7908683020476346
0.862384474892643
0.9316657673362343
0.9987121793784084
1.0635237110192008
1.1261003622585832
1.1864421330965413
1.2445490235330965
1.3004210335682558
1.3540581632020263
1.4054604124343584
1.4546277812652804
1.5015602696948065
1.546257877722951
1.588720605349664
1.6289484525749742
1.6669414193988814
1.7026995058213785
1.7362227118424656
1.7675110374621568
1.796564482680438
1.823383047497316
1.8479667319127842
1.8703155359268422
1.8904294595395044
1.9083085027507494
1.9239526655606056
1.9373619479690376
1.9485363499760737
1.9574758715816856
1.9641805127859158
1.9686502735887288
1.9708851539901318
1.9708851539901389
1.9686502735887217
1.9641805127859158
1.9574758715816998
1.9485363499760666
1.9373619479690376
1.9239526655606056
1.9083085027507565
1.8904294595395186
1.8703155359268493
1.8479667319127913
1.8233830474973303
1.796564482680445
1.767511037462171
1.7362227118424798
1.7026995058213856
1.6669414193988885
1.6289484525749884
1.5887206053496783
1.546257877722951
1.5015602696948207
1.4546277812653017
1.4054604124343655
1.3540581632020263
1.30042103356827
1.2445490235331107
1.1864421330965484
1.1261003622585832
1.063523711019208
0.9987121793784297
0.9316657673362414
0.8623844748926501
0.7908683020476417
0.7171172488012445
0.6411313151534301
0.5629105011042128
0.4824548066535925
0.3997642318015622
0.31483877654812176
0.22767844089327838
0.13828322483702493
0.046653128379368525
0.09978939354444805
0.2915923837337715
0.473027644723679
0.6440951765141563
0.8047949791052105
0.9551270524968487
1.0950913966890496
1.224688011681863
1.3439168974751965
1.4527780540691708
1.5512714814636723
1.6393971796587792
1.7171551486544345
1.7845453884507094
1.8415678990475186
1.8882226804449402
1.9245097326428962
1.9504290556414787
1.9659806494405956
1.9711645140403107
1.9659806494405956
1.9504290556414645
1.9245097326429033
1.888222680444926
1.8415678990475257
1.8143526098990463
1.7521462347025079
1.6795721303065392
1.5966302967111545
1.503320733916354
1.399643441922123
1.285598420728462
1.1611856703353851
1.0264051907428922
0.8812569819509619
0.7257410439596157
0.5598573767688606
0.3836059803786682
0.19698685478904565
0
0.9654683334075074
1.609113889012498
1.9309366668150005
1.9309366668150005
1.609113889012498
0.9654683334075003
0
