0.08282914704970779
0.2102586040492298
0.28671627824894586
0.31220216964885594
0.2867162782489743
0.2102586040492298
0.08282914704970779
0.015805106550274672
0.046183752906642894
0.07492031027076962
0.10201477864266906
0.1274671580223128
0.15127744840974344
0.17344564980490418
0.19397176220789447
0.2128557856185722
0.2300977200370795
0.24569756546330268
0.2596553218973128
0.27197098933906716
0.2826445677886227
0.28736557364128146
0.29557601860248894
0.3021443745714123
0.3070706415481226
0.3103548195326056
0.31199690852483286
0.31199690852483286
0.31035481953259136
0.3070706415481368
0.3021443745714123
0.29557601860247473
0.28736557364129567
0.2775130396878751
0.26601841674221305
0.2528817048043379
0.23810290387422128
0.22168201395186315
0.20361903503726353
0.1839139671304224
0.162566810231354
0.1395775643400583
0.11494622945652111
0.08867280558074242
0.060757292712736444
0.03119969085248897
0
0.014689784626327196
0.029025598538780173
0.04300744173734472
0.05663531422202084
0.06990921599280853
0.08282914704970779
0.0953951073927044
0.10760709702184101
0.11946511593706077
0.13096916413842052
0.14211924162586342
0.15291534839944632
0.16335748445912657
0.1734456498049326
0.18317984443682178
0.19256006835486517
0.2015863215589775
0.210258604049244
0.2185769158255937
0.22654125688806914
0.23415162723664196
0.24140802687132634
0.2483104557921365
0.25485891399905825
0.26105340149209155
0.26689391827123643
0.2723804643365071
0.2775130396878609
0.2822916443253405
0.28671627824894586
0.2907869414586486
0.2945036339544771
0.29786635573640297
0.3008751068044546
0.30352988715860363
0.3058306967988784
0.3077775357252506
0.3093704039377485
0.310609301436358
0.3114942282210791
0.31202518429191173
0.31220216964885594
0.31202518429191173
0.3114942282210791
0.3106093014363722
0.3093704039377485
0.3077775357252648
0.3058306967988784
0.30352988715861784
0.3008751068044546
0.2978663557364172
0.2945036339544771
0.2907869414586628
0.28671627824896007
0.2822916443253547
0.2775130396878751
0.2723804643365071
0.26689391827125064
0.26105340149212
0.25485891399907246
0.24831045579216493
0.24140802687134055
0.23415162723665617
0.22654125688805493
0.2185769158255937
0.210258604049244
0.2015863215589775
0.19256006835485096
0.183179844436836
0.1734456498049184
0.16335748445912657
0.15291534839944632
0.14211924162586342
0.1309691641384063
0.11946511593706077
0.1076070970218268
0.0953951073927044
0.08282914704969357
0.06990921599280853
0.05663531422202084
0.04300744173734472
0.029025598538780173
0.014689784626341407
0
0.010070372052908283
0.01997565603942064
0.02971585195942339
0.03929095981303021
0.04870097960018427
0.05794591132091398
0.06702575497519092
0.07594051056300088
0.08469017808440071
0.09327475753934777
0.10169424892785628
0.10994865224992623
0.11803796750557183
0.12596219469473624
0.1337213338174763
0.14131538487377782
0.14874434786362656
0.15600822278706516
0.1631070096440368
0.17004070843458408
0.17680931915865017
0.18341284181632034
0.18985127640753774
0.19612462293230237
0.20223288139062845
0.20817605178251597
0.21395413410797914
0.21956712836697534
0.22501503455953298
0.23029785268565206
0.2354155827453468
0.24036822473856034
0.2451557786654064
0.2497782445257286
0.2542356223196691
0.25852791204711423
0.2626551137081776
0.2666172273027314
0.2704142528309177
0.27404619029260857
0.2775130396878893
0.2808148010166889
0.2839514742790925
0.28692305947501495
0.2897295566045557
0.2923709656675868
0.2948472866642362
0.297158519594376
0.2993046644581483
0.3012857212554252
0.30310168998630616
0.3047525706506775
0.30623836324868137
0.3075590677801898
0.30871468424528814
0.3097052126439337
0.3105306529761549
0.3111910052419091
0.3116862694412532
0.3120164455741019
0.3121815336405689
0.3121815336405547
0.31201644557413033
0.311686269441239
0.3111910052419091
0.3105306529761407
0.3097052126439337
0.30871468424528814
0.30755906778020403
0.30623836324866716
0.3047525706506917
0.30310168998629194
0.3012857212554252
0.3003158288650809
0.29825222803458473
0.2960235391376216
0.2936297621742199
0.2910708971443796
0.2883469440481008
0.285457902885355
0.28240377365619906
0.2791845563606046
0.2758002509985431
0.2722508575700573
0.2685363760751329
0.2646568065137558
0.2606121488859401
0.25640240319170005
0.252027569430993
0.24748764760386166
0.24278263771027753
0.23791253975028326
0.2328773537238078
0.227677079630908
0.22231171747155543
0.2167812672457785
0.21108572895354882
0.20522510259488058
0.19919938816977378
0.19300858567822843
0.18665269512024452
0.18013171649580784
0.1734456498049326
0.1665944950476046
0.15957825222385225
0.15239692133366134
0.14505050237701766
0.13753899535394964
0.12986240026442886
0.12202071710844109
0.11401394588604319
0.10584208659719252
0.0975051392419175
0.08900310382018972
0.08033598033202338
0.07150376877740428
0.06250646915636082
0.0533440814688646
0.044016605714929824
0.03452404189454228
0.024866390007730388
0.01504365005446573
0.005055822034762514
0.0042620956731127535
0.012698408757984225
0.021017550827849618
0.029219521882595245
0.03730432192229216
0.04527195094691194
0.053122408956483014
0.06085569595099116
0.06847181193039376
0.07597075689474764
0.08335253084405281
0.09061713377828085
0.09776456569740333
0.10479482660150552
0.11170791649053058
0.1185038353644785
0.1251825832233493
0.13174416006714296
0.13818856589591633
0.14451580070958414
0.15072586450820324
0.15681875729174521
0.16279447906019584
0.16865302981361197
0.17439440955195096
0.18001861827521282
0.18552565598339754
0.19091552267654777
0.19618821835459244
0.2013437430176026
0.20638209666552143
0.21130327929837733
0.2161072909161703
0.22079413151890037
0.2253638011065533
0.2298162996791433
0.23415162723665617
0.23836978377910611
0.24247076930647893
0.24645458381880303
0.25032122731605
0.25407069979823405
0.25770300126534096
0.26121813171738495
0.2646160911543518
0.26789687957625574
0.27106049698309675
0.27410694337487485
0.2770362187515616
0.27984832311321384
0.28254325645976053
0.2851210187912727
0.28758161010769356
0.2899250304090799
0.2921512796953607
0.29426035796657857
0.2962522652227335
0.29812700146382554
0.2998845666898262
0.3015249609008066
0.30304818409668144
0.30445423627749335
0.30574311744324234
0.3069148275939284
0.30796936672953734
0.30890673485008335
0.30972693195556644
0.3104299580459724
0.31101581312131543
0.31148449718159554
0.3118360102267843
0.31207035225692437
0.3121875232720015
0.3121875232719873
0.31207035225692437
0.3118360102267843
0.3114844971815671
0.311015813121287
0.3104299580459582
0.309726931955538
0.30890673485006914
0.30796936672953734
0.3069148275939142
0.30574311744322813
0.30445423627747914
0.30304818409666723
0.3015249609007924
0.2998845666898262
0.2981270014638113
0.2962522652227193
0.29426035796655015
0.2921512796953323
0.2899250304090515
0.28758161010767935
0.2851210187912443
0.2825432564597463
0.2798483231131854
0.2770362187515616
0.2741069433748464
0.27106049698309675
0.26789687957625574
0.2646160911543376
0.26121813171737074
0.25770300126532675
0.2540706997982056
0.2503212273160358
0.24645458381878882
0.24247076930647893
0.2383697837790919
0.23415162723665617
0.2298162996791291
0.22536380110653909
0.22079413151888616
0.2161072909161561
0.21130327929836312
0.20638209666550722
0.2013437430175884
0.19618821835459244
0.19091552267651934
0.18552565598339754
0.1800186182751986
0.17439440955192254
0.16865302981358354
0.16279447906018163
0.1568187572917168
0.15072586450817482
0.14451580070958414
0.1381885658958879
0.13174416006717138
0.1251825832233351
0.1185038353644643
0.11170791649051637
0.10479482660150552
0.09776456569741754
0.09061713377825242
0.0833525308440386
0.07597075689474764
0.06847181193039376
0.06085569595097695
0.053122408956483014
0.045271950946926154
0.03730432192229216
0.029219521882595245
0.021017550827835407
0.012698408757998436
0.004262095673084332
0.008494898592431355
0.016872626169799787
0.025133182732105297
0.033276568279333674
0.04130278281148492
0.04921182632860166
0.05700369883061285
0.06467840031757532
0.07223593078946067
0.07967629024626888
0.08699947868804259
0.09420549611471074
0.1012943425263444
0.1082660179228867
0.1151205223043803
0.12185785567076834
0.1284780180221361
0.1349810093583983
0.141366829679626
0.14763547898576235
0.15378695727682157
0.15982126455281787
0.16573840081376545
0.1715383660596359
0.17722116029042922
0.18278678350617383
0.1882352357068271
0.19356651689244586
0.19878062706297328
0.20387756621842357
0.20885733435881093
0.21371993148413537
0.2184653575943969
0.2230936126895955
0.22760469676970274
0.23199860983476128
0.2362753518847427
0.24043492291966118
0.24447732293951674
0.24840255194426675
0.25221060993399647
0.25590149690863484
0.2594752128682103
0.26293175781273703
0.26627113174217243
0.2694933346565307
0.27259836655585445
0.27558622744007266
0.2784569173092706
0.2812104361633345
0.28384678400237817
0.2863659608263447
0.2887679666352483
0.29105280142906054
0.2932204652078241
0.2952709579715105
0.29720427972013397
0.2990204304536803
0.30071941017217796
0.3023012188756127
0.30376585656395605
0.3051133232372365
0.30634361889545403
0.3074567435385944
0.3084526971666719
0.30933147977968645
0.3100930913776381
0.31073753196051257
0.31126480152832414
0.31167490008103016
0.3119678276187159
0.3121435841413245
0.31220216964885594
0.3121435841413245
0.3119678276187301
0.3116749000810586
0.31126480152832414
0.31073753196051257
0.3100930913776381
0.30933147977968645
0.3084526971666719
0.30745674353860863
0.30634361889546824
0.3051133232372365
0.30376585656395605
0.3023012188756127
0.30071941017219217
0.29902043045370874
0.2972042797201482
0.2952709579715247
0.2932204652078383
0.29105280142907475
0.2887679666352483
0.2863659608263447
0.2838467840023924
0.28121043616334873
0.27845691730925637
0.2755862274400869
0.27259836655585445
0.2694933346565591
0.26627113174217243
0.26293175781273703
0.2594752128682387
0.25590149690866326
0.2522106099340249
0.24840255194430938
0.24447732293953095
0.2404349229196754
0.2362753518847569
0.23199860983476128
0.22760469676971695
0.2230936126895955
0.2184653575944111
0.21371993148414958
0.20885733435883935
0.20387756621843778
0.19878062706297328
0.19356651689243165
0.18823523570685552
0.18278678350617383
0.17722116029044344
0.1715383660596359
0.16573840081377966
0.1598212645528463
0.15378695727683578
0.14763547898576235
0.14136682967961178
0.1349810093583983
0.1284780180221361
0.12185785567078256
0.11512052230436609
0.1082660179228867
0.1012943425263444
0.09420549611472495
0.08699947868802838
0.07967629024628309
0.07223593078946067
0.06467840031756111
0.05700369883059864
0.04921182632858745
0.04130278281148492
0.033276568279333674
0.025133182732091086
0.016872626169799787
0.008494898592431355
0
0.010070372052908283
0.01997565603942064
0.02971585195942339
0.03929095981303021
0.04870097960018427
0.05794591132091398
0.06702575497519092
0.07594051056300088
0.08469017808440071
0.09327475753934777
0.10169424892785628
0.10994865224992623
0.11803796750557183
0.12596219469473624
0.1337213338174763
0.14131538487377782
0.14874434786362656
0.15600822278706516
0.1631070096440368
0.17004070843458408
0.17680931915865017
0.18341284181632034
0.18985127640753774
0.19612462293230237
0.20223288139062845
0.20817605178251597
0.21395413410797914
0.21956712836697534
0.22501503455953298
0.23029785268565206
0.2354155827453468
0.24036822473856034
0.2451557786654064
0.2497782445257286
0.2542356223196691
0.25852791204711423
0.2626551137081776
0.2666172273027314
0.2704142528309177
0.27404619029260857
0.2775130396878893
0.2808148010166889
0.2839514742790925
0.28692305947501495
0.2897295566045557
0.2923709656675868
0.2948472866642362
0.297158519594376
0.2993046644581483
0.3003158288650809
0.30221434162916694
0.3039477663268002
0.3055161029579949
0.30691935152273686
0.30815751202105446
0.3092305844529193
0.31013856881834556
0.31088146511731907
0.3114592733498682
0.31187199351597883
0.31211962561563666
0.31220216964887015
0.3121196256156509
0.31187199351597883
0.31145927334988244
0.31088146511731907
0.31013856881834556
0.3092305844529193
0.30815751202105446
0.30691935152273686
0.3055161029579949
0.303947766326786
0.30221434162916694
0.3003158288650809
0.29825222803458473
0.2960235391376216
0.2936297621742199
0.2910708971443796
0.2883469440481008
0.285457902885355
0.28240377365619906
0.2791845563606046
0.2758002509985431
0.2722508575700573
0.2685363760751329
0.2646568065137558
0.2606121488859401
0.25640240319170005
0.252027569430993
0.24748764760386166
0.24278263771027753
0.23791253975028326
0.2328773537238078
0.227677079630908
0.22231171747155543
0.2167812672457785
0.21108572895354882
0.20522510259488058
0.19919938816977378
0.19300858567822843
0.18665269512024452
0.18013171649580784
0.1734456498049326
0.1665944950476046
0.15957825222385225
0.15239692133366134
0.14505050237701766
0.13753899535394964
0.12986240026442886
0.12202071710844109
0.11401394588604319
0.10584208659719252
0.0975051392419175
0.08900310382018972
0.08033598033202338
0.07150376877740428
0.06250646915636082
0.0533440814688646
0.044016605714929824
0.03452404189454228
0.024866390007730388
0.01504365005446573
0.005055822034762514
0.007389138652399652
0.021901937921796844
0.036060766477291395
0.04986562431892594
0.06331651144664363
0.07641342786050132
0.08915637356045636
0.10154534854650876
0.11358035281865853
0.1252613863769767
0.13658844922139224
0.14756154135189092
0.1581806627685154
0.16844581347126564
0.17835699346012746
0.18791420273508663
0.19711744129614317
0.2059667091433397
0.214462006276662
0.22260333269606747
0.2303906884015845
0.2378240733932131
0.24490348767096748
0.25162893123484764
0.25800040408482516
0.26401790622090004
0.2696814376431007
0.27499099835141294
0.27994658834583674
0.2845482076263721
0.2887958561930333
0.292689534045806
0.2962292411846761
0.29941497760967195
0.30224674332075097
0.30472453831797
0.30684836260130055
0.3086182161707427
0.3100340990262964
0.3110960111679475
0.31180395259573856
0.3121579233096128
0.312157923309627
0.3118039525957528
0.3110960111679617
0.3100340990262964
0.3086182161707427
0.30684836260131476
0.3047245383179842
0.3022467433207794
0.29941497760967195
0.2962292411846761
0.292689534045806
0.2887958561930475
0.28454820762638633
0.27994658834586517
0.27499099835142715
0.2696814376431149
0.26401790622091426
0.2580004040848394
0.25162893123484764
0.2449034876709817
0.2378240733932273
0.2303906884015845
0.22260333269606747
0.2144620062766478
0.2059667091433539
0.19711744129614317
0.18791420273508663
0.17835699346011324
0.16844581347126564
0.1581806627685154
0.14756154135189092
0.13658844922139224
0.1252613863769767
0.11358035281867274
0.10154534854650876
0.08915637356044215
0.0764134278604871
0.06331651144664363
0.04986562431891173
0.036060766477291395
0.021901937921796844
0.007389138652399652
0.015805106550274672
0.046183752906642894
0.07492031027076962
0.10201477864266906
0.1274671580223128
0.15127744840974344
0.17344564980490418
0.19397176220789447
0.2128557856185722
0.2300977200370795
0.24569756546330268
0.2596553218973128
0.27197098933906716
0.2826445677886227
0.2916760572459083
0.2990654577109808
0.3048127691837976
0.30891799166440137
0.3113811251527352
0.31220216964885594
0.3113811251527494
0.30891799166440137
0.3048127691837976
0.2990654577109808
0.2916760572459225
0.28736557364129567
0.2775130396878751
0.26601841674221305
0.2528817048043379
0.23810290387422128
0.22168201395186315
0.20361903503726353
0.1839139671304224
0.162566810231354
0.1395775643400583
0.11494622945652111
0.08867280558074242
0.060757292712736444
0.03119969085248897
0
0.15291534839947474
0.25485891399908667
0.3058306967988784
0.30583069679889263
0.25485891399907246
0.1529153483994321
0
