-0.11582189518333763
-0.29400942623463777
-0.40092194486540933
-0.4365594510756665
-0.4009219448654022
-0.29400942623463777
-0.11582189518333763
-0.022100642822366012
-0.0645798004549718
-0.10476278740474498
-0.14264960367166424
-0.17824024925575088
-0.2115347241569765
-0.2425330283753766
-0.2712351619109086
-0.29764112476362925
-0.3217509169334747
-0.3435645384204946
-0.3630819892246606
-0.3803032693460082
-0.3952283787844735
-0.40182986949765365
-0.41331072291186643
-0.4224954056432466
-0.42938391769177997
-0.4339762590574665
-0.4362724297403062
-0.43627242974031333
-0.4339762590574665
-0.42938391769177997
-0.4224954056432466
-0.41331072291187354
-0.40182986949765365
-0.38805284540059404
-0.3719796506206876
-0.35361028515793436
-0.3329447490123414
-0.3099830421839016
-0.2847251646726221
-0.2571711164785029
-0.22732089760153684
-0.19517450804172398
-0.1607319477990643
-0.1239932168735649
-0.08495831526521869
-0.043627242974032754
0
-0.02054106260730748
-0.04058715985057404
-0.06013829172980678
-0.07919445824501992
-0.09775565939619213
-0.11582189518333763
-0.13339316560645642
-0.15046947066552718
-0.16705081036059255
-0.18313718469160278
-0.1987285936585934
-0.21382503726155022
-0.22842651550048032
-0.2425330283753695
-0.25614457588623907
-0.2692611580330606
-0.28188277481586965
-0.29400942623462356
-0.3056411122893792
-0.31677783298007256
-0.32741958830675344
-0.3375663782694005
-0.34721820286801375
-0.35637506210258607
-0.3650369559731388
-0.3732038844796577
-0.38087584762214277
-0.38805284540060114
-0.3947348778150257
-0.40092194486540933
-0.40661404655177336
-0.41181118287409646
-0.41651335383240706
-0.42072055942666964
-0.4244327996569055
-0.42765007452310755
-0.4303723840252829
-0.4325997281634244
-0.4343321069375321
-0.4355695203476131
-0.43631196839365316
-0.4365594510756736
-0.43631196839365316
-0.4355695203475989
-0.434332106937525
-0.4325997281634102
-0.4303723840252758
-0.42765007452310044
-0.4244327996568984
-0.42072055942666964
-0.41651335383239285
-0.41181118287410357
-0.40661404655176625
-0.4009219448654022
-0.3947348778150186
-0.38805284540059404
-0.38087584762213567
-0.3732038844796506
-0.3650369559731317
-0.35637506210258607
-0.34721820286800664
-0.3375663782693863
-0.32741958830675344
-0.31677783298007967
-0.3056411122893721
-0.29400942623463067
-0.28188277481586965
-0.2692611580330677
-0.25614457588623196
-0.2425330283753766
-0.22842651550048032
-0.21382503726155733
-0.19872859365860052
-0.183137184691617
-0.16705081036059255
-0.1504694706655414
-0.13339316560646353
-0.11582189518334474
-0.09775565939619923
-0.07919445824501992
-0.06013829172982099
-0.040587159850581145
-0.02054106260730748
0
-0.014081632105558128
-0.02793241778314126
-0.041552357032784926
-0.0549414498544607
-0.06809969624817569
-0.08102709621392279
-0.0937236497517091
-0.10618935686156306
-0.1184242175434278
-0.13042823179734597
-0.14220139962329625
-0.15374372102129286
-0.16505519599132157
-0.1761358245334108
-0.18698560664751795
-0.19760454233367142
-0.2079926315918783
-0.2181498744221031
-0.2280762708243813
-0.23777182079869164
-0.2472365243450554
-0.25647038146344414
-0.2654733921538792
-0.2742455564163606
-0.2827868742508812
-0.29109734565744105
-0.2991769706360259
-0.30702574918666414
-0.3146436813093487
-0.3220307670040583
-0.3291870062708142
-0.33611239910962354
-0.34280694552043656
-0.3492706455033314
-0.3555034990582442
-0.3615055061852033
-0.36727666688419447
-0.3728169811552462
-0.3781264489983087
-0.3832050704134389
-0.38805284540058693
-0.3926697739598026
-0.3970558560910291
-0.401211091794309
-0.40513548106962105
-0.4088290239169936
-0.41229172033637695
-0.41552357032782794
-0.4185245738912968
-0.42129473102681914
-0.42383404173436645
-0.4261425060139814
-0.42822012386560715
-0.43006689528930764
-0.4316828202850118
-0.4330678988527765
-0.43422213099256624
-0.4351455167044165
-0.4358380559882775
-0.4362997488442204
-0.436530595272167
-0.4365305952721741
-0.4362997488442062
-0.43583805598829173
-0.4351455167044094
-0.43422213099257334
-0.4330678988527765
-0.4316828202850118
-0.4300668952892934
-0.42822012386561426
-0.4261425060139743
-0.42383404173437356
-0.42129473102681914
-0.41993850826256107
-0.4170529279130477
-0.4139365011355949
-0.41058922793017416
-0.40701110829679976
-0.4032021422354575
-0.3991623297461615
-0.39489167082890475
-0.3903901654836801
-0.3856578137105089
-0.3806946155093698
-0.3755005708802699
-0.3700756798232163
-0.36441994233820196
-0.3585333584252197
-0.3524159280842838
-0.3460676513153871
-0.3394885281185367
-0.3326785584937113
-0.32563774244093935
-0.3183660799601995
-0.31086357105150597
-0.30313021571484455
-0.29516601395023656
-0.28697096575764647
-0.2785450711371169
-0.26988833008861945
-0.2610007426121612
-0.2518823087077493
-0.2425330283753695
-0.232952901615036
-0.22314192842674174
-0.2131001088104867
-0.20282744276626374
-0.19232393029408712
-0.18158957139395682
-0.17062436606586573
-0.15942831430980675
-0.1480014161257941
-0.13634367151382065
-0.12445508047388643
-0.11233564300599141
-0.09998535911013562
-0.08740422878631904
-0.07459225203454878
-0.06154942885481063
-0.0482757592471188
-0.034771243211466185
-0.021035880747852786
-0.007069671856278603
-0.0059597860885247655
-0.01775647607819053
-0.029389323151313818
-0.04085832730793726
-0.05216348854802533
-0.06330480687159934
-0.07428228227863798
-0.08509591476915546
-0.09574570434315888
-0.10623165100064114
-0.11655375474158092
-0.12671201556600664
-0.13670643347392542
-0.1465370084653017
-0.15620374054016395
-0.16570662969849081
-0.17504567594031784
-0.18422087926560948
-0.19323223967436576
-0.20207975716660798
-0.21076343174232903
-0.21928326340152182
-0.22763925214420766
-0.23583139797035813
-0.24385970087998032
-0.25172416087308846
-0.25942477794968255
-0.26696155210974126
-0.2743344833532859
-0.2815435716802952
-0.2885888170907833
-0.2954702195847503
-0.3021877791621961
-0.3087414958231207
-0.31513136956751
-0.3213574003953923
-0.32741958830673923
-0.3333179333015721
-0.33905243537988383
-0.3446230945416673
-0.35002991078692247
-0.3552728841156636
-0.36035201452787646
-0.36526730202356816
-0.3700187466027387
-0.3746063482653881
-0.3790301070115163
-0.38329002284110203
-0.3873860957541808
-0.39131832575073133
-0.3950867128307678
-0.3986912569942689
-0.4021319582412559
-0.4054088165717076
-0.4085218319856523
-0.4114710044830687
-0.414256334063964
-0.416877820728331
-0.41933546447617687
-0.42162926530749445
-0.423759223222298
-0.42572533822057324
-0.42752761030232733
-0.42916603946755316
-0.43064062571626494
-0.43195136904845555
-0.4330982694641108
-0.43408132696324486
-0.434900541545872
-0.43555591321195664
-0.4360474419615272
-0.43637512779456955
-0.4365389707110978
-0.4365389707111049
-0.43637512779457666
-0.43604744196153433
-0.43555591321196374
-0.434900541545872
-0.4340813269632591
-0.433098269464125
-0.43195136904845555
-0.43064062571626494
-0.4291660394675674
-0.42752761030233444
-0.42572533822057324
-0.4237592232223051
-0.42162926530750156
-0.41933546447617687
-0.416877820728331
-0.414256334063964
-0.41147100448307583
-0.4085218319856523
-0.4054088165717218
-0.4021319582412559
-0.398691256994276
-0.3950867128307678
-0.39131832575073844
-0.3873860957541808
-0.38329002284110913
-0.3790301070115163
-0.3746063482653881
-0.3700187466027458
-0.36526730202356816
-0.36035201452788357
-0.3552728841156636
-0.3500299107869296
-0.3446230945416744
-0.33905243537988383
-0.3333179333015792
-0.32741958830674633
-0.3213574003953923
-0.3151313695675242
-0.3087414958231278
-0.3021877791621961
-0.2954702195847574
-0.2885888170907833
-0.2815435716802952
-0.2743344833532859
-0.26696155210974837
-0.25942477794968255
-0.25172416087309557
-0.24385970087999453
-0.23583139797036523
-0.22763925214421477
-0.21928326340153603
-0.21076343174233614
-0.20207975716660798
-0.19323223967437286
-0.18422087926559527
-0.17504567594031073
-0.16570662969849792
-0.15620374054015684
-0.1465370084653017
-0.1367064334739183
-0.12671201556601375
-0.11655375474158092
-0.10623165100062693
-0.09574570434315177
-0.08509591476914835
-0.07428228227863087
-0.06330480687158513
-0.05216348854801822
-0.04085832730793015
-0.029389323151313818
-0.017756476078183425
-0.0059597860885247655
-0.01187861144791924
-0.023593379979324425
-0.03514430559418713
-0.046531388292542886
-0.05775462807437748
-0.0688140249396767
-0.07970957888846186
-0.09044128992072586
-0.1010091580364616
-0.11141318323568328
-0.12165336551836248
-0.13172970488454183
-0.1416422013341787
-0.15139085486730153
-0.16097566548389608
-0.17039663318397658
-0.1796537579675217
-0.18874703983455987
-0.19767647878505556
-0.2064420748190443
-0.2150438279365119
-0.2234817381374512
-0.23175580542186225
-0.23986602978975213
-0.24781241124112086
-0.2555949497759613
-0.2632136453942877
-0.27066849809607874
-0.2779595078813628
-0.2850866747501115
-0.29204999870233905
-0.29884947973804543
-0.30548511785723065
-0.3119569130598876
-0.3182648653460234
-0.3244089747156451
-0.3303892411687386
-0.3362056647053038
-0.3418582453253478
-0.3473469830288778
-0.3526718778158724
-0.35783292968634584
-0.3628301386403052
-0.36766350467773634
-0.3723330277986392
-0.376838708003028
-0.3811805452908743
-0.3853585396622208
-0.38937269111702477
-0.3932229996553289
-0.3969094652770906
-0.4004320879823382
-0.40379086777106465
-0.40698580464326994
-0.41001689859893276
-0.4128841496380957
-0.4155875577607233
-0.41812712296682264
-0.4205028452564079
-0.422714724629472
-0.42476276108600786
-0.42664695462602964
-0.42836730524952316
-0.4299238129564884
-0.4313164777469325
-0.4325452996208554
-0.4336102785782572
-0.4345114146191378
-0.435248707743483
-0.4358221579513213
-0.4362317652426313
-0.43647752961741304
-0.4365594510756665
-0.43647752961740593
-0.4362317652426242
-0.4358221579513142
-0.4352487077434759
-0.4345114146191307
-0.4336102785782501
-0.4325452996208554
-0.4313164777469325
-0.4299238129564813
-0.42836730524950895
-0.42664695462602253
-0.42476276108600075
-0.422714724629472
-0.4205028452564079
-0.41812712296682264
-0.4155875577607162
-0.4128841496380886
-0.41001689859893276
-0.40698580464325573
-0.40379086777105755
-0.4004320879823382
-0.3969094652770906
-0.3932229996553218
-0.3893726911170319
-0.3853585396622137
-0.3811805452908743
-0.3768387080030138
-0.3723330277986321
-0.36766350467772213
-0.362830138640291
-0.35783292968633873
-0.3526718778158653
-0.34734698302885647
-0.3418582453253407
-0.33620566470529667
-0.3303892411687315
-0.324408974715638
-0.3182648653460234
-0.3119569130598876
-0.30548511785721644
-0.2988494797380383
-0.29204999870233195
-0.2850866747501044
-0.2779595078813486
-0.27066849809608584
-0.2632136453942735
-0.2555949497759542
-0.24781241124111375
-0.23986602978974503
-0.23175580542184804
-0.223481738137437
-0.21504382793649768
-0.2064420748190372
-0.19767647878505556
-0.18874703983455277
-0.1796537579675217
-0.17039663318396947
-0.16097566548389608
-0.15139085486729442
-0.1416422013341716
-0.13172970488452762
-0.12165336551836248
-0.11141318323566907
-0.1010091580364545
-0.09044128992072586
-0.07970957888846186
-0.0688140249396767
-0.05775462807437748
-0.04653138829253578
-0.03514430559418713
-0.023593379979310214
-0.011878611447912135
0
-0.014081632105558128
-0.02793241778314126
-0.041552357032784926
-0.0549414498544607
-0.06809969624817569
-0.08102709621392279
-0.0937236497517091
-0.10618935686156306
-0.1184242175434278
-0.13042823179734597
-0.14220139962329625
-0.15374372102129286
-0.16505519599132157
-0.1761358245334108
-0.18698560664751795
-0.19760454233367142
-0.2079926315918783
-0.2181498744221031
-0.2280762708243813
-0.23777182079869164
-0.2472365243450554
-0.25647038146344414
-0.2654733921538792
-0.2742455564163606
-0.2827868742508812
-0.29109734565744105
-0.2991769706360259
-0.30702574918666414
-0.3146436813093487
-0.3220307670040583
-0.3291870062708142
-0.33611239910962354
-0.34280694552043656
-0.3492706455033314
-0.3555034990582442
-0.3615055061852033
-0.36727666688419447
-0.3728169811552462
-0.3781264489983087
-0.3832050704134389
-0.38805284540058693
-0.3926697739598026
-0.3970558560910291
-0.401211091794309
-0.40513548106962105
-0.4088290239169936
-0.41229172033637695
-0.41552357032782794
-0.4185245738912968
-0.41993850826255397
-0.42259324218409233
-0.4250171296776699
-0.4272101707432938
-0.4291723653809498
-0.43090371359064505
-0.4324042153723937
-0.43367387072616737
-0.43471267965199445
-0.43552064214985364
-0.43609775821974495
-0.4364440278616897
-0.4365594510756665
-0.43644402786168257
-0.43609775821974495
-0.43552064214984654
-0.43471267965199445
-0.43367387072616737
-0.4324042153723866
-0.43090371359065216
-0.4291723653809498
-0.4272101707432867
-0.4250171296776699
-0.42259324218409233
-0.41993850826256107
-0.4170529279130477
-0.4139365011355949
-0.41058922793017416
-0.40701110829679976
-0.4032021422354575
-0.3991623297461615
-0.39489167082890475
-0.3903901654836801
-0.3856578137105089
-0.3806946155093698
-0.3755005708802699
-0.3700756798232163
-0.36441994233820196
-0.3585333584252197
-0.3524159280842838
-0.3460676513153871
-0.3394885281185367
-0.3326785584937113
-0.32563774244093935
-0.3183660799601995
-0.31086357105150597
-0.30313021571484455
-0.29516601395023656
-0.28697096575764647
-0.2785450711371169
-0.26988833008861945
-0.2610007426121612
-0.2518823087077493
-0.2425330283753695
-0.232952901615036
-0.22314192842674174
-0.2131001088104867
-0.20282744276626374
-0.19232393029408712
-0.18158957139395682
-0.17062436606586573
-0.15942831430980675
-0.1480014161257941
-0.13634367151382065
-0.12445508047388643
-0.11233564300599141
-0.09998535911013562
-0.08740422878631904
-0.07459225203454878
-0.06154942885481063
-0.0482757592471188
-0.034771243211466185
-0.021035880747852786
-0.007069671856278603
-0.010332401974153527
-0.030625981899440546
-0.050424596460700855
-0.06972824565791313
-0.08853692949111291
-0.10685064796026467
-0.1246694010653897
-0.14199318880649514
-0.15882201118358097
-0.17515586819659745
-0.19099475984559433
-0.2063386861305787
-0.22118764705151506
-0.2355416426084247
-0.2494006728012934
-0.2627647376301496
-0.275633837094972
-0.2880079711957535
-0.29988713993250116
-0.3112713433052221
-0.32216058131392344
-0.33255485395858386
-0.34245416123921046
-0.35185850315581035
-0.3607678797083693
-0.3691822908969016
-0.3771017367214
-0.38452621718187174
-0.39145573227831676
-0.39789028201072796
-0.40382986637909113
-0.4092744853834418
-0.41422413902375155
-0.4186788273000417
-0.422638550212298
-0.4261033077605134
-0.429073099944695
-0.4315479267648499
-0.43352778822097093
-0.4350126843130724
-0.4360026150411329
-0.43649758040516673
-0.4364975804051596
-0.4360026150411258
-0.4350126843130724
-0.43352778822097093
-0.4315479267648499
-0.429073099944695
-0.4261033077605063
-0.4226385502122838
-0.4186788273000346
-0.41422413902375155
-0.4092744853834347
-0.40382986637909823
-0.39789028201072085
-0.39145573227830965
-0.38452621718187174
-0.3771017367214
-0.3691822908969016
-0.3607678797083622
-0.35185850315579614
-0.34245416123920336
-0.33255485395857676
-0.32216058131392344
-0.3112713433052292
-0.29988713993250826
-0.2880079711957535
-0.275633837094972
-0.2627647376301496
-0.24940067280130762
-0.2355416426084247
-0.22118764705152216
-0.2063386861305787
-0.19099475984560144
-0.17515586819660456
-0.15882201118357386
-0.14199318880650225
-0.12466940106540392
-0.10685064796027888
-0.08853692949111291
-0.06972824565792735
-0.050424596460700855
-0.030625981899447652
-0.010332401974160632
-0.022100642822366012
-0.0645798004549718
-0.10476278740474498
-0.14264960367166424
-0.17824024925575088
-0.2115347241569765
-0.2425330283753766
-0.2712351619109086
-0.29764112476362925
-0.3217509169334747
-0.3435645384204946
-0.3630819892246606
-0.3803032693460082
-0.3952283787844735
-0.40785731754012744
-0.41819008561290616
-0.4262266830028736
-0.4319671097099729
-0.43541136573425376
-0.4365594510756665
-0.43541136573424666
-0.4319671097099871
-0.4262266830028665
-0.41819008561292037
-0.40785731754012033
-0.40182986949765365
-0.38805284540059404
-0.3719796506206876
-0.35361028515793436
-0.3329447490123414
-0.3099830421839016
-0.2847251646726221
-0.2571711164785029
-0.22732089760153684
-0.19517450804172398
-0.1607319477990643
-0.1239932168735649
-0.08495831526521869
-0.043627242974032754
0
-0.213825037261536
-0.35637506210257897
-0.42765007452310755
-0.42765007452310044
-0.35637506210258607
-0.21382503726155022
0
