0.21395291311536013
0.5431112409851373
0.7406062377070057
0.8064379032809619
0.7406062377070057
0.5431112409851373
0.21395291311536013
0.040825587477080205
0.11929554782262741
0.19352388869004145
0.2635106100793152
0.3292557119904522
0.3907591944234525
0.44802105737831255
0.5010413008550394
0.5498199248536189
0.5943569293740723
0.6346523144163747
0.6707060799805546
0.7025182260665801
0.730088752674483
0.7422834086741297
0.7634915060648133
0.7804579839773673
0.793182842411781
0.8016660813680545
0.8059077008461948
0.8059077008461948
0.8016660813680581
0.793182842411781
0.7804579839773673
0.7634915060648169
0.7422834086741261
0.7168336918052987
0.6871423554583345
0.6532093996332335
0.6150348243299923
0.5726186295486144
0.5259608152890962
0.4750613815514413
0.4199203283356532
0.36053765564172124
0.2969133634696526
0.2290474518194472
0.15693992069110507
0.08059077008462268
0
0.03794464057387614
0.07497495245922536
0.11109093565605477
0.1462925901643466
0.18057991598411505
0.21395291311536013
0.2464115815580712
0.27795592131226243
0.30858593237791965
0.3383016147550535
0.36710296844365686
0.39498999344373686
0.4219626897552864
0.44802105737831255
0.47316509631280823
0.49739480655878054
0.5207101881162224
0.5431112409851409
0.5645979651655253
0.5851703606573899
0.604828427460717
0.6235721655755242
0.641401575001808
0.6583166557395614
0.6743174077887808
0.6894038311494839
0.703575925821653
0.7168336918052987
0.7291771291004139
0.7406062377070022
0.7511210176250636
0.7607214688546051
0.7694075913956091
0.7771793852480897
0.7840368504120434
0.7899799868874702
0.79500879467437
0.799123273772743
0.8023234241825854
0.8046092459039045
0.8059807389366931
0.8064379032809583
0.8059807389366966
0.804609245903908
0.802323424182589
0.7991232737727465
0.7950087946743736
0.7899799868874737
0.7840368504120505
0.7771793852480933
0.7694075913956127
0.7607214688546051
0.7511210176250671
0.7406062377070057
0.7291771291004139
0.7168336918053022
0.7035759258216601
0.6894038311494839
0.6743174077887879
0.6583166557395614
0.641401575001808
0.6235721655755313
0.6048284274607241
0.5851703606573899
0.5645979651655288
0.5431112409851409
0.5207101881162259
0.49739480655878054
0.4731650963128118
0.44802105737831255
0.42196268975528994
0.39498999344374397
0.36710296844366397
0.3383016147550535
0.3085859323779232
0.27795592131226243
0.24641158155807474
0.21395291311536369
0.18057991598412215
0.1462925901643537
0.11109093565605832
0.07497495245923602
0.03794464057388325
0
0.026012406424818835
0.05159837995743288
0.07675792059782793
0.10149102834602175
0.12579770320200367
0.14967794516577015
0.17313175423733185
0.1961591304166781
0.21876007370381956
0.24093458409874913
0.26268266160147036
0.28400430621197614
0.30489951793027714
0.32536829675635914
0.3454106426902399
0.36502655573190523
0.38421603588136577
0.4029790831386144
0.42131569750365117
0.439225878976476
0.4567096275570961
0.4737669432455043
0.4903978260417041
0.506602275945685
0.5223802929574575
0.5377318770770287
0.5526570283043846
0.567155746639525
0.5812280320824641
0.5948738846331949
0.6080933042917067
0.6208862910580102
0.6332528449321089
0.645192965913985
0.6567066540036706
0.66779390920113
0.6784547315063882
0.6886891209194239
0.6984970774402655
0.7078786010688844
0.7168336918053022
0.725362349649501
0.7334645746014985
0.741140366661277
0.7483897258288543
0.7552126521042091
0.7616091454873697
0.7675792059783078
0.7731228335770446
0.7782400282835624
0.782930790097879
0.7871951190199731
0.791033015049873
0.7944444781875504
0.797429508433023
0.7999881057862837
0.8021202702473396
0.8038260018161729
0.8051053004928086
0.8059581662772217
0.8063845991694372
0.8063845991694372
0.8059581662772253
0.805105300492805
0.8038260018161765
0.802120270247336
0.7999881057862837
0.797429508433023
0.7944444781875504
0.7910330150498694
0.7871951190199766
0.7829307900978755
0.7782400282835624
0.77573473504183
0.7704043238892027
0.7646474798443634
0.7584642029073159
0.75185449307806
0.7448183503565922
0.737355774742916
0.7294667662370244
0.7211513248389281
0.7124094505486198
0.7032411433660997
0.6936464032913747
0.6836252303244308
0.6731776244652821
0.6623035857139286
0.651003114070356
0.6392762095345752
0.6271228721065825
0.6145431017863885
0.6015368985739755
0.5881042624693578
0.5742451934725246
0.5599596915834866
0.5452477568022331
0.5301093891287749
0.5145445885631013
0.4985533551052228
0.4821356887551289
0.4652915895128267
0.44802105737831965
0.43032409235159363
0.41220069443266283
0.3936508636215166
0.37467459991816554
0.3552719033226026
0.33544277383483134
0.3151872114548482
0.2945052161826567
0.2733967880182533
0.251861926961638
0.22990063301281438
0.20751290617178242
0.184698746438535
0.16145815381308282
0.13779112829541873
0.1136976698855463
0.08917777858345843
0.06423145438916578
0.03885869730266123
0.013059507323944786
0.011009262049860524
0.03280079105575595
0.05428965993658608
0.07547586869232248
0.09635941732298292
0.11694030582854964
0.13721853420905106
0.15719410246445875
0.17686701059479049
0.1962372586000356
0.21530484648019765
0.23406977423528375
0.25253204186528677
0.27069164937020673
0.28854859675004363
0.30610288400479746
0.3233545111344682
0.34030347813906303
0.3569497850185712
0.3732934317729999
0.3893344184023455
0.4050727449066116
0.4205084112857911
0.43564141753989105
0.45047176366890795
0.46499944967284534
0.47922447555169967
0.49314684130547093
0.5067665469341591
0.5200835924377678
0.5330979778162899
0.545809703069736
0.558218768198099
0.5703251732013754
0.5821289180795759
0.5936300028326897
0.6048284274607205
0.6157241919636753
0.6263172963415435
0.6366077405943322
0.6465955247220379
0.6562806487246604
0.6656631126022035
0.6747429163546634
0.6835200599820404
0.6919945434843413
0.7001663668615521
0.7080355301136834
0.715602033240728
0.7228658762427038
0.7298270591195859
0.736485581871392
0.7428414444981115
0.7488946469997515
0.754645189376312
0.7600930716277858
0.7652382937541802
0.7700808557554915
0.7746207576317197
0.7788579993828684
0.7827925810089305
0.7864245025099166
0.7897537638858196
0.7927803651366396
0.7955043062623766
0.7979255872630304
0.8000442081386083
0.8018601688890996
0.8033734695145078
0.8045841100148401
0.8054920903900822
0.8060974106402483
0.8064000707653278
0.8064000707653278
0.8060974106402483
0.8054920903900822
0.804584110014833
0.8033734695145078
0.8018601688890961
0.8000442081386012
0.7979255872630304
0.795504306262373
0.7927803651366361
0.7897537638858161
0.786424502509913
0.7827925810089305
0.7788579993828648
0.7746207576317161
0.7700808557554879
0.7652382937541731
0.7600930716277787
0.7546451893763049
0.748894646999748
0.7428414444981044
0.7364855818713849
0.7298270591195788
0.7228658762426932
0.715602033240728
0.7080355301136763
0.700166366861545
0.6919945434843306
0.6835200599820368
0.6747429163546563
0.6656631126021963
0.6562806487246569
0.6465955247220343
0.6366077405943251
0.6263172963415364
0.6157241919636647
0.604828427460717
0.5936300028326826
0.5821289180795652
0.5703251732013683
0.5582187681980884
0.5458097030697289
0.5330979778162863
0.5200835924377571
0.506766546934152
0.49314684130546027
0.479224475551689
0.46499944967283824
0.45047176366890085
0.43564141753988395
0.4205084112857804
0.4050727449066045
0.3893344184023384
0.3732934317729928
0.3569497850185641
0.3403034781390559
0.3233545111344647
0.30610288400479035
0.28854859675003297
0.2706916493701961
0.2525320418652761
0.2340697742352731
0.21530484648019055
0.19623725860002494
0.17686701059477627
0.15719410246445165
0.13721853420903685
0.11694030582854253
0.09635941732296871
0.07547586869231182
0.054289659936571866
0.0328007910557524
0.011009262049846313
0.02194285906844229
0.043583058011805065
0.06492059683008833
0.08595547552328497
0.10668769409139855
0.12711725253443973
0.14724415085238718
0.16706838904526222
0.18658996711304354
0.20580888505575246
0.2247251428733783
0.24333874056591753
0.2616496781333808
0.27965795557575746
0.29736357289305815
0.3147665300852651
0.3318668271523997
0.3486644640944476
0.3651594409114196
0.381351757603305
0.39724141417011083
0.41282841061183007
0.4281127469284698
0.44309442312003
0.45777343918650715
0.47214979512790123
0.4862234909442158
0.4999945266354473
0.5134629022015957
0.5266286176426611
0.5394916729586434
0.5520520681495462
0.5643098032153695
0.5762648781561097
0.5879172929717669
0.5992670476623374
0.610314142227832
0.6210585766682399
0.6315003509835684
0.6416394651738173
0.6514759192389796
0.6610097131790624
0.6702408469940622
0.6791693206839859
0.6877951342488196
0.6961182876885736
0.7041387810032482
0.7118566141928433
0.7192717872573482
0.7263843001967736
0.7331941530111159
0.7397013457003823
0.745905878264562
0.7518077507036587
0.7574069630176794
0.76270351520661
0.7676974072704681
0.7723886392092361
0.7767772110229245
0.7808631227115299
0.7846463742750558
0.7881269657134986
0.7913048970268619
0.7941801682151386
0.7967527792783358
0.7990227302164534
0.8009900210294845
0.802654651717436
0.8040166222803045
0.8050759327180899
0.8058325830307922
0.8062865732184186
0.8064379032809619
0.8062865732184221
0.8058325830307993
0.8050759327180934
0.804016622280308
0.802654651717436
0.8009900210294845
0.7990227302164534
0.7967527792783358
0.7941801682151421
0.7913048970268619
0.7881269657134986
0.7846463742750558
0.7808631227115335
0.7767772110229245
0.7723886392092361
0.7676974072704645
0.76270351520661
0.7574069630176794
0.7518077507036622
0.7459058782645656
0.7397013457003823
0.7331941530111195
0.7263843001967736
0.7192717872573482
0.7118566141928397
0.7041387810032447
0.6961182876885772
0.6877951342488196
0.6791693206839824
0.6702408469940622
0.6610097131790624
0.6514759192389796
0.6416394651738173
0.6315003509835684
0.6210585766682399
0.6103141422278284
0.5992670476623339
0.5879172929717598
0.5762648781561026
0.564309803215366
0.5520520681495462
0.5394916729586434
0.5266286176426576
0.5134629022015886
0.4999945266354402
0.48622349094421224
0.4721497951278977
0.4577734391865036
0.44309442312002645
0.4281127469284698
0.41282841061183007
0.3972414141701037
0.3813517576033014
0.3651594409114125
0.34866446409444407
0.3318668271523961
0.314766530085258
0.2973635728930475
0.27965795557575035
0.2616496781333737
0.24333874056591398
0.22472514287336764
0.20580888505574535
0.18658996711303644
0.167068389045248
0.14724415085237652
0.12711725253442552
0.1066876940913879
0.08595547552327787
0.06492059683007767
0.04358305801179441
0.02194285906843163
0
0.026012406424818835
0.05159837995743288
0.07675792059782793
0.10149102834602175
0.12579770320200367
0.14967794516577015
0.17313175423733185
0.1961591304166781
0.21876007370381956
0.24093458409874913
0.26268266160147036
0.28400430621197614
0.30489951793027714
0.32536829675635914
0.3454106426902399
0.36502655573190523
0.38421603588136577
0.4029790831386144
0.42131569750365117
0.439225878976476
0.4567096275570961
0.4737669432455043
0.4903978260417041
0.506602275945685
0.5223802929574575
0.5377318770770287
0.5526570283043846
0.567155746639525
0.5812280320824641
0.5948738846331949
0.6080933042917067
0.6208862910580102
0.6332528449321089
0.645192965913985
0.6567066540036706
0.66779390920113
0.6784547315063882
0.6886891209194239
0.6984970774402655
0.7078786010688844
0.7168336918053022
0.725362349649501
0.7334645746014985
0.741140366661277
0.7483897258288543
0.7552126521042091
0.7616091454873697
0.7675792059783078
0.7731228335770446
0.77573473504183
0.780638713302249
0.7851162586704561
0.7891673711464513
0.7927920507302346
0.7959902974218096
0.7987621112211798
0.801107492128331
0.803026440143281
0.804518955266019
0.8055850374965416
0.8062246868348595
0.8064379032809619
0.8062246868348559
0.8055850374965416
0.8045189552660155
0.803026440143281
0.801107492128331
0.7987621112211798
0.7959902974218132
0.7927920507302346
0.7891673711464477
0.785116258670449
0.7806387133022454
0.77573473504183
0.7704043238892027
0.7646474798443634
0.7584642029073159
0.75185449307806
0.7448183503565922
0.737355774742916
0.7294667662370244
0.7211513248389281
0.7124094505486198
0.7032411433660997
0.6936464032913747
0.6836252303244308
0.6731776244652821
0.6623035857139286
0.651003114070356
0.6392762095345752
0.6271228721065825
0.6145431017863885
0.6015368985739755
0.5881042624693578
0.5742451934725246
0.5599596915834866
0.5452477568022331
0.5301093891287749
0.5145445885631013
0.4985533551052228
0.4821356887551289
0.4652915895128267
0.44802105737831965
0.43032409235159363
0.41220069443266283
0.3936508636215166
0.37467459991816554
0.3552719033226026
0.33544277383483134
0.3151872114548482
0.2945052161826567
0.2733967880182533
0.251861926961638
0.22990063301281438
0.20751290617178242
0.184698746438535
0.16145815381308282
0.13779112829541873
0.1136976698855463
0.08917777858345843
0.06423145438916578
0.03885869730266123
0.013059507323944786
0.01908661137300527
0.056574087602616174
0.09314723514370371
0.12880605399626432
0.16355054416029446
0.19738070563580123
0.23029653842278464
0.26229804252123046
0.29338521793114936
0.32355806465254844
0.35281658268542415
0.38116077202976584
0.4085906326855735
0.4351061646528649
0.4607073679316258
0.4853942425218598
0.5091667884235669
0.5320250056367435
0.5539688941614003
0.5749984539975195
0.5951136851451189
0.6143145876041878
0.6326011613747333
0.6499734064567448
0.6664313228502401
0.6819749105551978
0.6966041695716321
0.7103190998995395
0.7231197015389235
0.7350059744897735
0.7459779187521001
0.7560355343258998
0.765178821211169
0.7734077794079148
0.7807224089161338
0.7871227097358258
0.7926086818669873
0.7971803253096255
0.8008376400637296
0.8035806261293104
0.8054092835063678
0.8063236121948947
0.8063236121948982
0.8054092835063678
0.8035806261293175
0.8008376400637331
0.7971803253096255
0.7926086818669873
0.7871227097358258
0.7807224089161338
0.7734077794079184
0.7651788212111761
0.7560355343259033
0.7459779187521036
0.735005974489777
0.723119701538927
0.7103190998995466
0.6966041695716356
0.6819749105552013
0.6664313228502436
0.649973406456752
0.6326011613747369
0.6143145876041913
0.5951136851451224
0.574998453997523
0.5539688941614003
0.532025005636747
0.5091667884235704
0.48539424252186336
0.4607073679316329
0.435106164652872
0.4085906326855806
0.38116077202976584
0.3528165826854277
0.32355806465255554
0.29338521793116
0.26229804252123756
0.23029653842278464
0.19738070563580834
0.16355054416030157
0.12880605399627143
0.09314723514371082
0.05657408760262328
0.019086611373012374
0.040825587477080205
0.11929554782262741
0.19352388869004145
0.2635106100793152
0.3292557119904522
0.3907591944234525
0.44802105737831255
0.5010413008550394
0.5498199248536189
0.5943569293740723
0.6346523144163747
0.6707060799805546
0.7025182260665801
0.730088752674483
0.7534176598042386
0.772504947455861
0.7873506156293395
0.797954664324692
0.80431709354189
0.8064379032809619
0.80431709354189
0.7979546643246849
0.787350615629343
0.7725049474558574
0.7534176598042386
0.7422834086741261
0.7168336918052987
0.6871423554583345
0.6532093996332335
0.6150348243299923
0.5726186295486144
0.5259608152890962
0.4750613815514413
0.4199203283356532
0.36053765564172124
0.2969133634696526
0.2290474518194472
0.15693992069110507
0.08059077008462268
0
0.39498999344373686
0.6583166557395614
0.7899799868874737
0.7899799868874737
0.6583166557395614
0.39498999344373686
0
