-0.21559903686873838
-0.5472898628206764
-0.7463043583918108
-0.8126425235821841
-0.7463043583918108
-0.5472898628206622
-0.2155990368687526
-0.04113969383026017
-0.12021339106246387
-0.195012834390198
-0.26553802381351943
-0.3317889593323713
-0.3937656409467962
-0.45146806865678
-0.5048962424622943
-0.55405016236341
-0.5989298283600419
-0.6395352404522612
-0.6758663986400109
-0.7079233029233478
-0.7357059533022152
-0.7479944332774977
-0.7693657027997034
-0.7864627184174822
-0.7992854801308056
-0.8078339879396879
-0.812108241844129
-0.812108241844129
-0.8078339879396879
-0.7992854801308056
-0.7864627184174822
-0.7693657027997176
-0.7479944332774977
-0.7223489098508367
-0.6924291325197487
-0.6582351012841912
-0.6197668161442067
-0.5770242770997811
-0.5300074841509002
-0.4787164372976065
-0.42315113653984326
-0.3633115818776531
-0.2991977733110076
-0.23080971083990676
-0.15814739446437898
-0.08121082418442427
0
-0.038236581325008956
-0.07555179924460731
-0.11194565375876664
-0.14741814486751537
-0.18196927257083928
-0.21559903686873838
-0.24830743776122688
-0.28009447524827635
-0.3109601493299152
-0.3409044600061293
-0.36992740727693274
-0.3980289911422972
-0.425209211602251
-0.45146806865678
-0.4768055623058842
-0.5012216925495494
-0.5247164593878324
-0.547289862820648
-0.5689419028480671
-0.5896725794700615
-0.6094818926866594
-0.6283698424978041
-0.6463364289035383
-0.6633816519038334
-0.6795055114987179
-0.6947080076881775
-0.7089891404722266
-0.7223489098508509
-0.7347873158240361
-0.746304358391825
-0.7569000375541748
-0.7665743533110856
-0.7753273056626
-0.7831588946086896
-0.7900691201493544
-0.7960579822846086
-0.8011254810144237
-0.8052716163388283
-0.8084963882577938
-0.8107997967713629
-0.812181841879493
-0.8126425235822126
-0.8121818418794788
-0.8107997967713345
-0.8084963882577938
-0.8052716163388141
-0.8011254810144237
-0.7960579822845943
-0.7900691201493544
-0.7831588946086754
-0.7753273056626
-0.7665743533110998
-0.7569000375541606
-0.7463043583917965
-0.7347873158240361
-0.7223489098508367
-0.7089891404722266
-0.6947080076881775
-0.6795055114987179
-0.6633816519038334
-0.646336428903524
-0.6283698424977899
-0.6094818926866452
-0.5896725794700757
-0.5689419028480813
-0.5472898628206622
-0.5247164593878324
-0.5012216925495636
-0.4768055623058842
-0.45146806865678
-0.425209211602251
-0.3980289911422972
-0.36992740727693274
-0.3409044600061435
-0.31096014932992944
-0.28009447524829056
-0.2483074377612411
-0.2155990368687526
-0.1819692725708535
-0.14741814486751537
-0.11194565375878085
-0.07555179924460731
-0.03823658132502317
0
-0.026212542237317393
-0.05199537066742721
-0.0773484852904005
-0.10227188610618043
-0.12676557311479542
-0.15082954631627388
-0.17446380571054476
-0.19766835129767912
-0.2204431830776059
-0.24278830105039617
-0.26470370521599307
-0.28618939557445344
-0.30724537212572045
-0.32787163486985094
-0.34806818380675963
-0.3678350189365318
-0.38717214025913904
-0.4060795477745529
-0.42455724148281604
-0.44260522138392844
-0.46022348747783326
-0.47741203976458735
-0.4941708782441623
-0.5105000029166007
-0.52639941378186
-0.5418691108399116
-0.5569090940908268
-0.5715193635345628
-0.585699919171148
-0.59945076100054
-0.6127718890227669
-0.6256633032378573
-0.638125003645726
-0.6501569902464865
-0.6617592630400253
-0.6729318220264275
-0.6836746672056222
-0.6939877985776945
-0.7038712161425593
-0.7133249199003018
-0.7223489098508225
-0.7309431859942208
-0.7391077483304116
-0.7468425968594801
-0.7541477315813268
-0.7610231524960511
-0.7674688596035679
-0.773484852903934
-0.7790711323971209
-0.7842276980831571
-0.7889545499619999
-0.7932516880337062
-0.7971191122982049
-0.8005568227555813
-0.8035648194057501
-0.8061431022487682
-0.8082916712846071
-0.8100105265132953
-0.8112996679347759
-0.8121590955491342
-0.812588809356285
-0.8125888093562992
-0.81215909554912
-0.8112996679347759
-0.8100105265132811
-0.8082916712846071
-0.8061431022487682
-0.8035648194057501
-0.800556822755567
-0.7971191122982191
-0.793251688033692
-0.7889545499619999
-0.7842276980831571
-0.7817031294660381
-0.7763317068764195
-0.7705305704796501
-0.7642997202757016
-0.7576391562645739
-0.7505488784462955
-0.7430288868208379
-0.7350791813882154
-0.7266997621484279
-0.7178906291014613
-0.7086517822473297
-0.698983221586019
-0.6888849471175575
-0.6783569588419311
-0.6673992567591256
-0.6560118408691551
-0.6441947111720054
-0.6319478676676908
-0.6192713103561971
-0.6061650392375668
-0.5926290543117432
-0.5786633555787546
-0.5642679430386011
-0.5494428166912826
-0.534187976536785
-0.5185034225751224
-0.5023891548062807
-0.485845173230274
-0.4688714778471166
-0.45146806865678
-0.4336349456592643
-0.41537210885459785
-0.39667955824275225
-0.3775572938237417
-0.358005315597552
-0.33802362356419735
-0.31761221772367776
-0.2967710980759932
-0.27550026462114374
-0.2537997173591009
-0.23166945628990732
-0.2091094814135488
-0.1861197927300111
-0.1627003902393085
-0.13885127394144092
-0.11457244383640841
-0.08986389992419674
-0.06472564220482013
-0.03915767067826437
-0.013159985344543657
-0.011093965770427872
-0.03305315574901613
-0.05470735697785756
-0.07605656945703743
-0.09710079318652731
-0.11784002816628458
-0.13827427439633766
-0.15840353187671496
-0.17822780060737387
-0.19774708058834278
-0.21696137181957909
-0.2358706743011254
-0.25447498803298174
-0.2727743130151339
-0.2907686492475676
-0.3084579967303256
-0.32584235546336515
-0.3429217254467005
-0.3596961066803317
-0.3761654991642729
-0.3923299028984957
-0.40818931788301427
-0.4237437441178429
-0.4389931816029673
-0.4539376303383875
-0.46857709032410355
-0.4829115615601296
-0.49694104404643724
-0.5106655377830407
-0.5240850427699542
-0.5371995590071492
-0.5500090864946543
-0.562513625232441
-0.5747131752205519
-0.5866077364589444
-0.5981973089476469
-0.6094818926866452
-0.6204614876759251
-0.6311360939155009
-0.6415057114054008
-0.6515703401455823
-0.6613299801360597
-0.6707846313768329
-0.6799342938679018
-0.6887789676092808
-0.6973186526009414
-0.705553348842912
-0.7134830563351784
-0.7211077750777406
-0.7284275050705986
-0.7354422463137524
-0.7421519988072021
-0.7485567625509475
-0.754656537545003
-0.7604513237893542
-0.7659411212840013
-0.7711259300289441
-0.7760057500241828
-0.7805805812697173
-0.7848504237655476
-0.7888152775116879
-0.7924751425081098
-0.7958300187548417
-0.7988799062518694
-0.801624804999193
-0.8040647149967981
-0.8061996362447132
-0.8080295687429242
-0.8095545124914452
-0.8107744674902619
-0.8116894337393603
-0.8122994112387687
-0.8126043999884729
-0.8126043999884871
-0.8122994112387829
-0.8116894337393745
-0.8107744674902619
-0.8095545124914452
-0.8080295687429384
-0.8061996362447275
-0.8040647149968123
-0.801624804999193
-0.7988799062518694
-0.7958300187548417
-0.792475142508124
-0.7888152775116879
-0.7848504237655476
-0.7805805812697173
-0.7760057500241828
-0.7711259300289441
-0.7659411212840013
-0.7604513237893542
-0.754656537545003
-0.7485567625509617
-0.7421519988072021
-0.7354422463137666
-0.7284275050705986
-0.7211077750777406
-0.7134830563351784
-0.705553348842912
-0.6973186526009556
-0.6887789676092808
-0.679934293867916
-0.6707846313768471
-0.6613299801360597
-0.6515703401455823
-0.6415057114054008
-0.6311360939155151
-0.6204614876759251
-0.6094818926866452
-0.5981973089476469
-0.5866077364589586
-0.5747131752205519
-0.5625136252324694
-0.5500090864946543
-0.5371995590071492
-0.5240850427699542
-0.5106655377830407
-0.49694104404643724
-0.4829115615601154
-0.46857709032410355
-0.4539376303383875
-0.4389931816029673
-0.4237437441178429
-0.40818931788301427
-0.3923299028984957
-0.3761654991642587
-0.3596961066803317
-0.3429217254466863
-0.32584235546335094
-0.3084579967303114
-0.2907686492475676
-0.2727743130151197
-0.25447498803298174
-0.2358706743011254
-0.21696137181957909
-0.19774708058831436
-0.17822780060737387
-0.15840353187670075
-0.13827427439633766
-0.11784002816628458
-0.0971007931865131
-0.07605656945703743
-0.05470735697785756
-0.033053155748987706
-0.01109396577041366
-0.022111684353419037
-0.0439183799571623
-0.06542008681118716
-0.08661680491549362
-0.10750853427011009
-0.12809527487503658
-0.14837702673023045
-0.16835378983574856
-0.18802556419156247
-0.20739234979767218
-0.2264541466540777
-0.24521095476079324
-0.26366277411777617
-0.2818096047250691
-0.29965144658265785
-0.3171882996905566
-0.334420164048737
-0.35134703965724157
-0.36796892651601354
-0.38428582462510974
-0.40029773398448754
-0.41600465459416114
-0.43140658645413055
-0.44650352956441
-0.4612954839249852
-0.47578244953584203
-0.4899644263970089
-0.5038414145084573
-0.5174134138702158
-0.53068042448227
-0.5436424463446343
-0.5562994794572802
-0.5686515238202361
-0.5806985794334736
-0.5924406462970211
-0.6038777244108644
-0.6150098137750035
-0.6258369143894527
-0.6363590262541834
-0.6465761493692241
-0.6564882837345465
-0.6660954293501646
-0.6753975862160928
-0.6843947543323168
-0.6930869336988366
-0.7014741243156664
-0.7095563261827635
-0.717333539300185
-0.724805763667888
-0.731972999285901
-0.7388352461542098
-0.7453925042728144
-0.7516447736417007
-0.7575920542608969
-0.7632343461304032
-0.7685716492501911
-0.7736039636202889
-0.7783312892406684
-0.7827536261113721
-0.7868709742323432
-0.7906833336036243
-0.7941907042252012
-0.7973930860970881
-0.8002904792192567
-0.802882883591721
-0.8051702992144811
-0.8071527260875513
-0.8088301642109172
-0.810202613584579
-0.8112700742085366
-0.81203254608279
-0.8124900292073391
-0.8126425235821841
-0.8124900292073391
-0.81203254608279
-0.8112700742085224
-0.810202613584579
-0.808830164210903
-0.8071527260875371
-0.8051702992144811
-0.8028828835917068
-0.8002904792192425
-0.7973930860970597
-0.7941907042252012
-0.7906833336036243
-0.786870974232329
-0.7827536261113437
-0.7783312892406684
-0.7736039636202747
-0.7685716492501911
-0.763234346130389
-0.7575920542608969
-0.7516447736417007
-0.7453925042728002
-0.7388352461541956
-0.7319729992858868
-0.724805763667888
-0.7173335393001707
-0.7095563261827635
-0.7014741243156379
-0.6930869336988223
-0.6843947543323168
-0.6753975862160928
-0.6660954293501504
-0.6564882837345323
-0.6465761493691957
-0.6363590262541692
-0.6258369143894384
-0.6150098137750035
-0.6038777244108644
-0.5924406462970069
-0.5806985794334736
-0.5686515238202219
-0.556299479457266
-0.5436424463446201
-0.5306804244822558
-0.5174134138702158
-0.5038414145084573
-0.48996442639699467
-0.4757824495358136
-0.4612954839249568
-0.44650352956438155
-0.43140658645411634
-0.4160046545941327
-0.4002977339844733
-0.3842858246250813
-0.36796892651599933
-0.35134703965722736
-0.334420164048737
-0.3171882996905424
-0.29965144658265785
-0.2818096047250691
-0.26366277411776196
-0.24521095476076482
-0.2264541466540635
-0.20739234979765797
-0.18802556419154826
-0.16835378983574856
-0.14837702673023045
-0.12809527487502237
-0.10750853427011009
-0.0866168049154794
-0.06542008681115874
-0.04391837995714809
-0.022111684353419037
0
-0.026212542237317393
-0.05199537066742721
-0.0773484852904005
-0.10227188610618043
-0.12676557311479542
-0.15082954631627388
-0.17446380571054476
-0.19766835129767912
-0.2204431830776059
-0.24278830105039617
-0.26470370521599307
-0.28618939557445344
-0.30724537212572045
-0.32787163486985094
-0.34806818380675963
-0.3678350189365318
-0.38717214025913904
-0.4060795477745529
-0.42455724148281604
-0.44260522138392844
-0.46022348747783326
-0.47741203976458735
-0.4941708782441623
-0.5105000029166007
-0.52639941378186
-0.5418691108399116
-0.5569090940908268
-0.5715193635345628
-0.585699919171148
-0.59945076100054
-0.6127718890227669
-0.6256633032378573
-0.638125003645726
-0.6501569902464865
-0.6617592630400253
-0.6729318220264275
-0.6836746672056222
-0.6939877985776945
-0.7038712161425593
-0.7133249199003018
-0.7223489098508225
-0.7309431859942208
-0.7391077483304116
-0.7468425968594801
-0.7541477315813268
-0.7610231524960511
-0.7674688596035679
-0.773484852903934
-0.7790711323971209
-0.7817031294660381
-0.7866448382484776
-0.7911568332237522
-0.7952391143918476
-0.798891681752778
-0.8021145353065435
-0.8049076750531583
-0.8072711009925797
-0.8092048131248362
-0.8107088114499277
-0.8117830959678543
-0.8124276666786159
-0.8126425235821841
-0.8124276666786159
-0.8117830959678543
-0.8107088114499277
-0.8092048131248362
-0.8072711009925797
-0.8049076750531583
-0.8021145353065577
-0.7988916817527922
-0.7952391143918476
-0.7911568332237522
-0.7866448382484776
-0.7817031294660381
-0.7763317068764195
-0.7705305704796501
-0.7642997202757016
-0.7576391562645739
-0.7505488784462955
-0.7430288868208379
-0.7350791813882154
-0.7266997621484279
-0.7178906291014613
-0.7086517822473297
-0.698983221586019
-0.6888849471175575
-0.6783569588419311
-0.6673992567591256
-0.6560118408691551
-0.6441947111720054
-0.6319478676676908
-0.6192713103561971
-0.6061650392375668
-0.5926290543117432
-0.5786633555787546
-0.5642679430386011
-0.5494428166912826
-0.534187976536785
-0.5185034225751224
-0.5023891548062807
-0.485845173230274
-0.4688714778471166
-0.45146806865678
-0.4336349456592643
-0.41537210885459785
-0.39667955824275225
-0.3775572938237417
-0.358005315597552
-0.33802362356419735
-0.31761221772367776
-0.2967710980759932
-0.27550026462114374
-0.2537997173591009
-0.23166945628990732
-0.2091094814135488
-0.1861197927300111
-0.1627003902393085
-0.13885127394144092
-0.11457244383640841
-0.08986389992419674
-0.06472564220482013
-0.03915767067826437
-0.013159985344543657
-0.01923346108817725
-0.057009360710480905
-0.09386389692737396
-0.12979706973881378
-0.1648088791448572
-0.1988993251454758
-0.2320684077406696
-0.2643161269304386
-0.2956424827147828
-0.32604747509370213
-0.3555311040671967
-0.3840933696352806
-0.41173427179795397
-0.4384538105551883
-0.4642519859069978
-0.4891287978533967
-0.5130842463943708
-0.5361183315299343
-0.5582310532600303
-0.5794224115847584
-0.5996924065040474
-0.6190410380179117
-0.6374683061263369
-0.6549742108293657
-0.6715587521269555
-0.6872219300191347
-0.7019637445058748
-0.7157841955872186
-0.7286832832631234
-0.7406610075336033
-0.7517173683986726
-0.7618523658583172
-0.7710659999125369
-0.7793582705613318
-0.7867291778047019
-0.7931787216426471
-0.7987069020751818
-0.8033137191022917
-0.8069991727239909
-0.8097632629402653
-0.8116059897511008
-0.8125273531565256
-0.8125273531565114
-0.8116059897511008
-0.8097632629402511
-0.8069991727239767
-0.8033137191022917
-0.7987069020751818
-0.7931787216426471
-0.7867291778047019
-0.7793582705613176
-0.7710659999125227
-0.761852365858303
-0.7517173683986584
-0.7406610075336033
-0.7286832832631092
-0.7157841955872044
-0.7019637445058748
-0.6872219300191205
-0.6715587521269413
-0.6549742108293515
-0.6374683061263511
-0.6190410380179117
-0.5996924065040332
-0.5794224115847584
-0.5582310532600445
-0.5361183315299201
-0.5130842463943708
-0.4891287978533967
-0.4642519859069978
-0.4384538105551883
-0.4117342717979682
-0.38409336963529483
-0.3555311040672109
-0.32604747509371634
-0.2956424827147828
-0.2643161269304386
-0.2320684077406696
-0.1988993251454758
-0.1648088791448714
-0.12979706973882799
-0.09386389692737396
-0.057009360710495116
-0.019233461088205672
-0.04113969383026017
-0.12021339106246387
-0.195012834390198
-0.26553802381351943
-0.3317889593323713
-0.3937656409467962
-0.45146806865678
-0.5048962424622943
-0.55405016236341
-0.5989298283600419
-0.6395352404522612
-0.6758663986400109
-0.7079233029233478
-0.7357059533022152
-0.7592143497766699
-0.7784484923466408
-0.793408381012199
-0.8040940157733019
-0.8105053966299778
-0.8126425235821841
-0.8105053966299636
-0.8040940157733019
-0.793408381012199
-0.778448492346655
-0.7592143497766557
-0.7479944332774977
-0.7223489098508367
-0.6924291325197487
-0.6582351012841912
-0.6197668161442067
-0.5770242770997811
-0.5300074841509002
-0.4787164372976065
-0.42315113653984326
-0.3633115818776531
-0.2991977733110076
-0.23080971083990676
-0.15814739446437898
-0.08121082418442427
0
-0.39802899114228296
-0.6633816519038334
-0.7960579822845943
-0.7960579822845943
-0.6633816519038334
-0.3980289911422972
0
