-0.26735261387236164
-0.6786643275221635
-0.925451355712049
-1.0077136984420036
-0.9254513557120418
-0.6786643275221707
-0.26735261387236875
-0.051015091900083576
-0.14907007373402337
-0.24182478627963633
-0.32927922953692956
-0.4114334035059102
-0.48828730818655686
-0.5598409435788909
-0.626094309682891
-0.6870474064985927
-0.7427002340259534
-0.7930527922650086
-0.8381050812157298
-0.8778571008781526
-0.9123088512522202
-0.9275471254561509
-0.9540484718977567
-0.9752495490510356
-0.9911503569160018
-1.0017508954926413
-1.007051164780961
-1.007051164780961
-1.0017508954926413
-0.9911503569160018
-0.9752495490510356
-0.9540484718977567
-0.9275471254561509
-0.8957455097262255
-0.8586436247079803
-0.8162414704014083
-0.7685390468065236
-0.7155363539233122
-0.6572333917517881
-0.5936301602919372
-0.5247266595437665
-0.45052288950727615
-0.37101885018246605
-0.28621454156933623
-0.19610996366787958
-0.10070511647810321
0
-0.047415100323519255
-0.09368766810912632
-0.13881770335679988
-0.18280520606657547
-0.22565017623842465
-0.26735261387236164
-0.30791251896839356
-0.34732989152649196
-0.3856047315466853
-0.4227370390289593
-0.45872681397332116
-0.4935740563797566
-0.527278766248287
-0.5598409435788909
-0.5912605883715898
-0.6215377006263552
-0.6506722803432226
-0.6786643275221635
-0.7055138421631924
-0.7312208242663019
-0.7557852738315063
-0.7792071908587914
-0.8014865753481502
-0.8226234272995967
-0.842617746713131
-0.8614695335887461
-0.879178787926449
-0.8957455097262255
-0.9111696989880969
-0.9254513557120561
-0.9385904798980889
-0.9505870715461953
-0.9614411306564037
-0.9711526572286928
-0.9797216512630627
-0.9871481127595203
-0.9934320417180587
-0.9985734381386777
-1.0025723020213846
-1.0054286333661722
-1.0071424321730476
-1.0077136984420108
-1.0071424321730476
-1.0054286333661722
-1.0025723020213775
-0.9985734381386706
-0.9934320417180516
-0.9871481127595132
-0.9797216512630627
-0.9711526572286857
-0.9614411306563966
-0.9505870715462024
-0.9385904798980818
-0.9254513557120418
-0.911169698988104
-0.8957455097262255
-0.8791787879264419
-0.8614695335887461
-0.842617746713131
-0.8226234272995896
-0.8014865753481502
-0.7792071908587843
-0.7557852738315063
-0.731220824266309
-0.7055138421631995
-0.6786643275221707
-0.6506722803432297
-0.6215377006263623
-0.5912605883715827
-0.559840943578898
-0.527278766248287
-0.4935740563797566
-0.45872681397332116
-0.4227370390289664
-0.3856047315466924
-0.3473298915265062
-0.30791251896840066
-0.26735261387237585
-0.22565017623843175
-0.18280520606658257
-0.1388177033568141
-0.09368766810912632
-0.04741510032352636
0
-0.03250474485027155
-0.06447662503085638
-0.09591564054177582
-0.12682179138300853
-0.15719507755456874
-0.18703549905645644
-0.21634305588866454
-0.24511774805120012
-0.2733595755440561
-0.30106853836723246
-0.3282446365207292
-0.35488787000456057
-0.3809982388187052
-0.40657574296318444
-0.43162038243797696
-0.4561321572431041
-0.4801110673785445
-0.5035571128443053
-0.5264702936404007
-0.5488506097668093
-0.5706980612235455
-0.5920126480106092
-0.6127943701279861
-0.6330432275757047
-0.6527592203537367
-0.671942348462089
-0.6905926119007617
-0.708710010669769
-0.7262945447691038
-0.7433462141987377
-0.7598650189587133
-0.7758509590490164
-0.7913040344696185
-0.8062242452205766
-0.8206115913018266
-0.8344660727134254
-0.8477876894553305
-0.8605764415275843
-0.8728323289301301
-0.8845553516630247
-0.8957455097262184
-0.9064028031197608
-0.9165272318436095
-0.9261187958977928
-0.9351774952822822
-0.9437033299971205
-0.9516963000422578
-0.9591564054177368
-0.966083646123522
-0.972478022159649
-0.978339533526082
-0.9836681802228568
-0.9884639622499307
-0.9927268796073534
-0.9964569322950823
-0.9996541203131528
-1.0023184436615225
-1.004449902340241
-1.0060484963492584
-1.0071142256886247
-1.0076470903582901
-1.0076470903582901
-1.0071142256886176
-1.0060484963492655
-1.0044499023402338
-1.0023184436615225
-0.9996541203131457
-0.9964569322950823
-0.9927268796073534
-0.9884639622499378
-0.9836681802228497
-0.978339533526082
-0.972478022159649
-0.969347442225299
-0.9626866338543394
-0.9554929608137002
-0.9477664231033955
-0.9395070207234042
-0.9307147536737475
-0.921389621954404
-0.9115316255653951
-0.9011407645066996
-0.8902170387783315
-0.8787604483802909
-0.8667709933125636
-0.8542486735751709
-0.8411934891680914
-0.8276054400913395
-0.8134845263449151
-0.7988307479288039
-0.7836441048430345
-0.7679245970875712
-0.7516722246624425
-0.7348869875676272
-0.7175688858031464
-0.6997179193689789
-0.681334088265146
-0.6624173924916192
-0.6429678320484342
-0.6229854069355625
-0.6024701171530182
-0.5814219627007944
-0.5598409435788909
-0.537727059787322
-0.5150803113260736
-0.4919006981951384
-0.4681882203945378
-0.4439428779242576
-0.41916467078429775
-0.3938535989746583
-0.3680096624953535
-0.34163286134636195
-0.3147231955276979
-0.28728066503936134
-0.25930526988134517
-0.2307970100536494
-0.2017558855562811
-0.1721818963892332
-0.1420750425525057
-0.11143532404611278
-0.08026274087004026
-0.04855729302428102
-0.016318980508856384
-0.013757022248384487
-0.04098741680190443
-0.06783961143104733
-0.09431360613584872
-0.12040940091629437
-0.1461269957723914
-0.1714663907041185
-0.1964275857115112
-0.22101058079453395
-0.2452153759532223
-0.2690419711875336
-0.2924903664975034
-0.3155605618831103
-0.33825255734436155
-0.36056635288127126
-0.38250194849381813
-0.4040593441820164
-0.4252385399458518
-0.4460395357853386
-0.4664623317004697
-0.48650692769124504
-0.5061733237576647
-0.5254615198997357
-0.5443715161174509
-0.5629033124108176
-0.5810569087798143
-0.5988323052244695
-0.6162295017447619
-0.6332484983407127
-0.6498892950122936
-0.666151891759533
-0.6820362885824096
-0.6975424854809376
-0.7126704824551098
-0.7274202795049263
-0.741791876630387
-0.7557852738315063
-0.7694004711082556
-0.7826374684606563
-0.7954962658887013
-0.8079768633923905
-0.8200792609717311
-0.8318034586267089
-0.8431494563573381
-0.8541172541636186
-0.8647068520455292
-0.8749182500030983
-0.8847514480363117
-0.8942064461451764
-0.9032832443296712
-0.9119818425898245
-0.920302240925615
-0.9282444393370497
-0.9358084378241358
-0.9429942363868733
-0.949801835025248
-0.956231233739274
-0.9622824325289443
-0.9679554313942518
-0.9732502303352177
-0.978166829351828
-0.9827052284440754
-0.986865427611967
-0.9906474268555101
-0.9940512261747045
-0.9970768255695361
-0.9997242250400191
-1.0019934245861464
-1.0038844242079108
-1.0053972239053266
-1.0065318236783938
-1.0072882235270981
-1.0076664234514539
-1.007666423451461
-1.0072882235270981
-1.0065318236783938
-1.0053972239053337
-1.003884424207918
-1.0019934245861464
-0.9997242250400262
-0.9970768255695361
-0.9940512261747045
-0.9906474268555172
-0.9868654276119742
-0.9827052284440754
-0.978166829351828
-0.9732502303352177
-0.9679554313942589
-0.9622824325289443
-0.956231233739274
-0.9498018350252551
-0.9429942363868733
-0.9358084378241429
-0.9282444393370639
-0.920302240925615
-0.9119818425898245
-0.9032832443296712
-0.8942064461451693
-0.8847514480363117
-0.8749182500030983
-0.8647068520455363
-0.8541172541636186
-0.8431494563573381
-0.8318034586267089
-0.820079260971724
-0.8079768633923905
-0.7954962658887013
-0.7826374684606563
-0.7694004711082556
-0.7557852738314992
-0.741791876630387
-0.7274202795049263
-0.7126704824551098
-0.6975424854809376
-0.6820362885824096
-0.6661518917595259
-0.6498892950123007
-0.6332484983407056
-0.616229501744769
-0.5988323052244624
-0.5810569087798143
-0.5629033124108105
-0.5443715161174509
-0.5254615198997357
-0.5061733237576647
-0.48650692769123793
-0.4664623317004626
-0.4460395357853315
-0.4252385399458447
-0.4040593441820022
-0.38250194849381103
-0.36056635288125705
-0.33825255734436155
-0.3155605618831032
-0.29249036649748916
-0.2690419711875194
-0.24521537595320098
-0.22101058079452685
-0.19642758571148988
-0.1714663907041185
-0.1461269957723772
-0.12040940091628016
-0.09431360613584161
-0.06783961143103312
-0.040987416801883114
-0.013757022248377382
-0.0274194945156907
-0.05446078910701857
-0.08112388377399071
-0.10740877851662134
-0.13331547333488913
-0.1588439682287941
-0.18399426319835754
-0.20876635824356526
-0.23316025336442436
-0.25717594856092063
-0.28081344383306117
-0.3040727391808531
-0.3269538346042822
-0.34945673010336264
-0.3715814256780874
-0.3933279213284635
-0.4146962170544768
-0.43568631285614856
-0.4562982087334504
-0.4765319046864107
-0.4963874007150082
-0.5158646968192571
-0.5349637929991502
-0.5536846892546876
-0.5720273855858693
-0.5899918819926953
-0.6075781784751726
-0.6247862750332871
-0.641616171667053
-0.6580678683764631
-0.6741413651615318
-0.6898366620222305
-0.7051537589585735
-0.7200926559705678
-0.7346533530582064
-0.7488358502214965
-0.7626401474604236
-0.7760662447750093
-0.7891141421652321
-0.8017838396310992
-0.8140753371726106
-0.8259886347897805
-0.8375237324825804
-0.8486806302510246
-0.8594593280951344
-0.8698598260148742
-0.8798821240102583
-0.8895262220812938
-0.8987921202279665
-0.9076798184503048
-0.9161893167482731
-0.9243206151218857
-0.9320737135711497
-0.939448612096065
-0.9464453106966104
-0.9530638093728214
-0.9593041081246554
-0.9651662069521549
-0.9706501058552917
-0.9757558048340655
-0.9804833038884979
-0.9848326030185746
-0.9888037022242955
-0.9923966015056607
-0.9956113008626701
-0.9984478002953239
-1.000906099803629
-1.0029861993875784
-1.004688099047172
-1.006011798782417
-1.0069572985933064
-1.007524598479833
-1.0077136984420036
-1.0075245984798258
-1.0069572985932922
-1.00601179878241
-1.004688099047172
-1.0029861993875713
-1.000906099803629
-0.9984478002953239
-0.995611300862663
-0.9923966015056536
-0.9888037022242884
-0.9848326030185675
-0.9804833038884908
-0.9757558048340655
-0.9706501058552846
-0.9651662069521478
-0.9593041081246554
-0.9530638093728072
-0.9464453106966033
-0.9394486120960579
-0.9320737135711425
-0.9243206151218857
-0.9161893167482589
-0.9076798184502906
-0.8987921202279665
-0.8895262220812867
-0.8798821240102512
-0.86985982601486
-0.8594593280951202
-0.8486806302510246
-0.8375237324825662
-0.8259886347897663
-0.8140753371726035
-0.801783839631085
-0.7891141421652179
-0.7760662447749951
-0.7626401474604165
-0.7488358502214894
-0.7346533530581993
-0.7200926559705607
-0.7051537589585664
-0.6898366620222163
-0.6741413651615176
-0.658067868376456
-0.6416161716670459
-0.62478627503328
-0.6075781784751584
-0.5899918819926881
-0.5720273855858551
-0.5536846892546734
-0.534963792999136
-0.5158646968192357
-0.496387400714994
-0.4765319046863965
-0.4562982087334433
-0.43568631285613435
-0.4146962170544697
-0.3933279213284564
-0.3715814256780874
-0.34945673010335554
-0.32695383460426797
-0.3040727391808389
-0.28081344383305407
-0.2571759485609064
-0.23316025336441015
-0.20876635824355816
-0.18399426319835754
-0.158843968228787
-0.13331547333488203
-0.10740877851660002
-0.08112388377398361
-0.05446078910700436
-0.02741949451567649
0
-0.03250474485027155
-0.06447662503085638
-0.09591564054177582
-0.12682179138300853
-0.15719507755456874
-0.18703549905645644
-0.21634305588866454
-0.24511774805120012
-0.2733595755440561
-0.30106853836723246
-0.3282446365207292
-0.35488787000456057
-0.3809982388187052
-0.40657574296318444
-0.43162038243797696
-0.4561321572431041
-0.4801110673785445
-0.5035571128443053
-0.5264702936404007
-0.5488506097668093
-0.5706980612235455
-0.5920126480106092
-0.6127943701279861
-0.6330432275757047
-0.6527592203537367
-0.671942348462089
-0.6905926119007617
-0.708710010669769
-0.7262945447691038
-0.7433462141987377
-0.7598650189587133
-0.7758509590490164
-0.7913040344696185
-0.8062242452205766
-0.8206115913018266
-0.8344660727134254
-0.8477876894553305
-0.8605764415275843
-0.8728323289301301
-0.8845553516630247
-0.8957455097262184
-0.9064028031197608
-0.9165272318436095
-0.9261187958977928
-0.9351774952822822
-0.9437033299971205
-0.9516963000422578
-0.9591564054177368
-0.966083646123522
-0.9693474422252919
-0.9754753859265719
-0.9810704649581794
-0.9861326793201073
-0.9906620290123556
-0.9946585140349313
-0.9981221343878275
-1.0010528900710511
-1.0034507810845952
-1.0053158074284596
-1.0066479691026515
-1.0074472661071638
-1.0077136984420036
-1.0074472661071638
-1.0066479691026515
-1.0053158074284596
-1.0034507810845952
-1.0010528900710511
-0.9981221343878275
-0.9946585140349313
-0.9906620290123556
-0.9861326793201073
-0.9810704649581794
-0.9754753859265719
-0.969347442225299
-0.9626866338543394
-0.9554929608137002
-0.9477664231033955
-0.9395070207234042
-0.9307147536737475
-0.921389621954404
-0.9115316255653951
-0.9011407645066996
-0.8902170387783315
-0.8787604483802909
-0.8667709933125636
-0.8542486735751709
-0.8411934891680914
-0.8276054400913395
-0.8134845263449151
-0.7988307479288039
-0.7836441048430345
-0.7679245970875712
-0.7516722246624425
-0.7348869875676272
-0.7175688858031464
-0.6997179193689789
-0.681334088265146
-0.6624173924916192
-0.6429678320484342
-0.6229854069355625
-0.6024701171530182
-0.5814219627007944
-0.5598409435788909
-0.537727059787322
-0.5150803113260736
-0.4919006981951384
-0.4681882203945378
-0.4439428779242576
-0.41916467078429775
-0.3938535989746583
-0.3680096624953535
-0.34163286134636195
-0.3147231955276979
-0.28728066503936134
-0.25930526988134517
-0.2307970100536494
-0.2017558855562811
-0.1721818963892332
-0.1420750425525057
-0.11143532404611278
-0.08026274087004026
-0.04855729302428102
-0.016318980508856384
-0.023850366729000427
-0.07069420078356359
-0.11639550230020035
-0.16095427127893203
-0.2043705077197444
-0.2466442116226446
-0.2877753829876113
-0.3277640218146871
-0.36661012810383653
-0.40431370185506665
-0.4408747430683704
-0.4762932517437761
-0.5105692278812697
-0.5437026714808297
-0.5756935825424776
-0.6065419610662133
-0.6362478070520297
-0.6648111204999338
-0.6922319014099116
-0.7185101497819915
-0.7436458656161449
-0.7676390489123861
-0.790489699670708
-0.8121978178911178
-0.8327634035736011
-0.8521864567181794
-0.8704669773248312
-0.8876049653935709
-0.9036004209243984
-0.9184533439173137
-0.9321637343723097
-0.9447315922893793
-0.9561569176685438
-0.966439710509789
-0.975579970813115
-0.9835776985785287
-0.9904328938060232
-0.9961455564956054
-1.0007156866472684
-1.0041432842610192
-1.0064283493368507
-1.00757088187477
-1.0075708818747628
-1.0064283493368507
-1.004143284261012
-1.0007156866472684
-0.9961455564956054
-0.9904328938060232
-0.9835776985785287
-0.975579970813115
-0.966439710509789
-0.9561569176685367
-0.9447315922893793
-0.9321637343723026
-0.9184533439173066
-0.9036004209244055
-0.887604965393578
-0.8704669773248384
-0.8521864567181794
-0.8327634035736011
-0.8121978178911107
-0.790489699670708
-0.7676390489123861
-0.7436458656161449
-0.7185101497819915
-0.6922319014099187
-0.6648111204999338
-0.6362478070520368
-0.6065419610662133
-0.5756935825424776
-0.5437026714808297
-0.5105692278812626
-0.47629325174378323
-0.4408747430683775
-0.40431370185507376
-0.36661012810383653
-0.3277640218146871
-0.2877753829876255
-0.2466442116226517
-0.20437050771975862
-0.16095427127893913
-0.11639550230021456
-0.0706942007835707
-0.023850366729007533
-0.051015091900083576
-0.14907007373402337
-0.24182478627963633
-0.32927922953692956
-0.4114334035059102
-0.48828730818655686
-0.5598409435788909
-0.626094309682891
-0.6870474064985927
-0.7427002340259534
-0.7930527922650086
-0.8381050812157298
-0.8778571008781526
-0.9123088512522202
-0.9414603323379964
-0.9653115441354316
-0.9838624866445613
-0.9971131598653571
-1.0050635637978473
-1.0077136984420036
-1.0050635637978473
-0.9971131598653642
-0.9838624866445613
-0.9653115441354316
-0.9414603323379893
-0.9275471254561509
-0.8957455097262255
-0.8586436247079803
-0.8162414704014083
-0.7685390468065236
-0.7155363539233122
-0.6572333917517881
-0.5936301602919372
-0.5247266595437665
-0.45052288950727615
-0.37101885018246605
-0.28621454156933623
-0.19610996366787958
-0.10070511647810321
0
-0.4935740563797566
-0.8226234272995967
-0.9871481127595132
-0.9871481127595132
-0.8226234272995967
-0.4935740563797566
0
