0.11288106136903764
0.2865442327059924
0.3907421355081766
0.42547476977556187
0.3907421355081766
0.2865442327059924
0.11288106136903764
0.021539485386412593
0.06294005470053321
0.10210275540308089
0.13902758749405564
0.17371455097345745
0.20616364584130054
0.23637487209752805
0.26434822974222527
0.2900837187753069
0.31358133919685827
0.33484109100679404
0.3538629742051853
0.3706469887919752
0.3851931347672348
0.39162700702551945
0.4028163500833699
0.41176782452966165
0.41848143036439467
0.42295716758754054
0.4251950361991135
0.4251950361991135
0.42295716758754054
0.41848143036439467
0.41176782452967586
0.4028163500833699
0.39162700702550524
0.3781997953560534
0.36253471507502866
0.3446317661824452
0.32449094867828876
0.302112262562531
0.2774957078352145
0.25064128449632506
0.2215489925458627
0.19021883198381317
0.15665080281020494
0.12084490502500955
0.08280113862825544
0.04251950361991419
0
0.020019504473566485
0.03955661124896892
0.05861132032623573
0.07718363170532427
0.09527354538626298
0.11288106136903764
0.13000617965363404
0.14664890024010901
0.16280922312840573
0.1784871483185384
0.19368267581052123
0.20839580560435422
0.22262653770002316
0.23637487209754227
0.2496408087968831
0.2624243477980883
0.27472548910110106
0.2865442327059924
0.29788057861270545
0.3087345268212829
0.31910607733166785
0.328995230143903
0.33840198525800247
0.3473263426739237
0.3557683023916809
0.36372786441131666
0.37120502873275996
0.3781997953560392
0.3847121642811828
0.3907421355081624
0.3962897090369779
0.4013548848676578
0.4059376630001452
0.4100380434344828
0.41365602617068475
0.41679161120870845
0.4194447985485681
0.4216155881902779
0.42330398013383785
0.42450997437923377
0.42523357092647984
0.42547476977554766
0.42523357092647984
0.424509974379248
0.42330398013385206
0.4216155881903063
0.4194447985485823
0.41679161120872266
0.41365602617068475
0.410038043434497
0.40593766300015943
0.4013548848676436
0.3962897090369779
0.3907421355081624
0.3847121642811828
0.3781997953560676
0.37120502873275996
0.36372786441131666
0.3557683023917093
0.3473263426739379
0.33840198525800247
0.3289952301439172
0.31910607733166785
0.3087345268212687
0.29788057861270545
0.2865442327059924
0.27472548910111527
0.2624243477980883
0.24964080879689732
0.23637487209752805
0.22262653770002316
0.20839580560436843
0.19368267581053544
0.1784871483185384
0.16280922312840573
0.14664890024010901
0.13000617965363404
0.11288106136903764
0.09527354538626298
0.07718363170532427
0.05861132032622152
0.03955661124898313
0.020019504473566485
0
0.013724085375798722
0.02722318574544147
0.04049730110891403
0.053546431466244826
0.06637057681740544
0.07896973716238165
0.0913439125012303
0.10349310283389457
0.11541730816041706
0.12711652848076938
0.13859076379497992
0.14984001410299186
0.16086427940487624
0.17166355970057623
0.18223785499013445
0.19258716527350828
0.20271149055074034
0.21261083082181642
0.22228518608672232
0.23173455634547224
0.2409589415980662
0.24995834184448995
0.25873275708477195
0.26728218731885534
0.27560663254678275
0.2837060927685826
0.2915805679842123
0.29923005819365756
0.30665456339696107
0.3138540835941228
0.32082861878510016
0.3275781689699073
0.33410273414858693
0.3404023143210395
0.3464769094874214
0.3523265196475762
0.3579511448016177
0.3633507849494322
0.3685254400911617
0.37347511022667845
0.3781997953560676
0.3826994954792582
0.3869742105963354
0.3910239407071998
0.3948486858119651
0.3984484459104891
0.4018232210029282
0.4049730110891687
0.40789781616926746
0.4105976362431818
0.4130724713109828
0.41532232137255676
0.4173471864280174
0.4191470664772936
0.42072196152042807
0.42207187155737813
0.42319679658820064
0.42409673661281033
0.4247716916313209
0.42522166164363284
0.42544664664980303
0.4254466466497888
0.42522166164363284
0.4247716916313067
0.42409673661282454
0.4231967965881722
0.42207187155739234
0.42072196152041386
0.4191470664772936
0.4173471864280174
0.41532232137257097
0.41307247131095437
0.4105976362431818
0.40927584933199057
0.40646353675498403
0.4034262391718215
0.4001639565824888
0.39667668898700015
0.3929644363853413
0.38902719877754066
0.38486497616355564
0.38047776854342885
0.3758655759171461
0.37102839828467893
0.36596623564607
0.3606790880012909
0.35516695535037
0.34942983769326474
0.3434677350300035
0.33728064736058627
0.33086857468499886
0.3242315170032697
0.3173694743153703
0.310282446621315
0.30297043392107526
0.2954334362147222
0.2876714535021563
0.27968448578346283
0.271472533058585
0.2630355953275796
0.2543736725903898
0.24548676484704401
0.23637487209754227
0.22703799434187033
0.21747613158004242
0.20768928381204432
0.19767745103790446
0.1874406332575944
0.1769788304711284
0.16629204267849218
0.1553802698797
0.14424351207475183
0.1328817692636335
0.12129504144635916
0.10948332862292887
0.09744663079332838
0.08518494795758613
0.07269828011565949
0.059986627267591075
0.04704998941335248
0.033888366552957905
0.020501758686393146
0.006890165813672411
0.005808461156163958
0.017305621382774916
0.02864309882849625
0.039820893493271114
0.05083900537711372
0.06169743448000986
0.0723961808020448
0.08293524434309063
0.09331462510324684
0.10353432308244237
0.11359433828076249
0.12349467069812192
0.13323532033457752
0.14281628719010087
0.15223757126469195
0.161499172558365
0.17060109107110577
0.1795433268029285
0.18832587975381898
0.1969487499237914
0.20541193731283158
0.21371544192096792
0.22185926374814358
0.2298434027944154
0.23766785905974075
0.24533263254417648
0.25283772324766574
0.26018313117023695
0.2673688563118617
0.2743948986725826
0.28126125825237125
0.28796793505124185
0.2945149290691802
0.3009022403061863
0.30712986876228854
0.3131978144374443
0.31910607733166785
0.32485465744498754
0.33044355477737497
0.33587276932883015
0.3411423010993673
0.34625215008898635
0.3512023162976732
0.35599279972542774
0.3606236003722785
0.36509471823819695
0.36940615332316895
0.3735579056272229
0.3775499751503446
0.38138236189256247
0.38505506585383387
0.38856808703421564
0.3919214254336367
0.395115081052154
0.39814905388972477
0.4010233439463917
0.4037379512221122
0.40629287571691464
0.408688117430799
0.41092367636373694
0.41299955251577103
0.41491574588687286
0.41667225647705664
0.41826908428630816
0.41970622931464163
0.42098369156204285
0.422101471028526
0.42305956771407693
0.4238579816186956
0.4244967127424104
0.42497576108517876
0.42529512664702906
0.4254548094279471
0.4254548094279471
0.42529512664702906
0.42497576108516455
0.4244967127423962
0.4238579816186956
0.4230595677140627
0.422101471028526
0.42098369156204285
0.41970622931464163
0.41826908428630816
0.41667225647705664
0.41491574588687286
0.41299955251577103
0.41092367636375116
0.4086881174307848
0.4062928757169004
0.403737951222098
0.4010233439463633
0.39814905388971056
0.39511508105213977
0.3919214254336225
0.3885680870342014
0.38505506585383387
0.38138236189254826
0.3775499751503446
0.3735579056271945
0.36940615332315474
0.3650947182381685
0.36062360037225005
0.35599279972541353
0.35120231629765897
0.34625215008898635
0.3411423010993673
0.33587276932883015
0.33044355477736076
0.3248546574449733
0.31910607733166785
0.3131978144374301
0.3071298687622601
0.3009022403061863
0.294514929069166
0.28796793505122764
0.28126125825237125
0.2743948986725684
0.2673688563118617
0.2601831311702085
0.2528377232476515
0.24533263254416227
0.23766785905974075
0.22984340279440119
0.22185926374812937
0.2137154419209537
0.20541193731281737
0.1969487499237914
0.18832587975381898
0.1795433268029285
0.17060109107110577
0.16149917255835078
0.15223757126469195
0.14281628719008665
0.1332353203345633
0.12349467069812192
0.11359433828076249
0.10353432308245658
0.09331462510323263
0.08293524434310484
0.07239618080201637
0.06169743448002407
0.05083900537709951
0.03982089349324269
0.02864309882848204
0.017305621382774916
0.005808461156149747
0.011577001617084193
0.02299432045325034
0.03425195650848423
0.04534990978278586
0.05628818027616944
0.06706676798864919
0.07768567292018247
0.0881448950707977
0.09844443444046647
0.1085842910292314
0.11856446483706407
0.12838495586396448
0.13804576410994684
0.14754688957501116
0.15688833225915744
0.16607009216235724
0.175092169284639
0.1839545636259743
0.19265727518641995
0.20120030396591915
0.2095836499645003
0.2178073131821492
0.22587129361888003
0.23377559127467862
0.24152020614955916
0.24910513824352165
0.2565303875565519
0.26379595408864986
0.2709018378398298
0.27784803881007747
0.2846345569993929
0.29126139240780446
0.2977285450352838
0.30403601488184506
0.31018380194745987
0.31617190623215663
0.32200032773594955
0.3276690664587818
0.333178122400696
0.33852749556170636
0.34371718594178446
0.3487471935409303
0.3536175183591439
0.35832816039645365
0.36287911965281694
0.3672703961282622
0.37150198982278937
0.3755739007363985
0.3794861288690612
0.3832386742207916
0.3868315367916182
0.3902647165815267
0.3935382135904888
0.3966520278185186
0.3996061592656446
0.4024006079318383
0.40503537381711396
0.40751045692144316
0.40982585724486853
0.41198157478737585
0.4139776095489225
0.4158139615295653
0.41749063072929005
0.41900761714806833
0.4203649207859428
0.421562541642885
0.4226004797188949
0.4234787350139868
0.42419730752814644
0.424756197261388
0.42515540421371156
0.42539492838508863
0.42547476977556187
0.42539492838510284
0.42515540421371156
0.424756197261388
0.42419730752816065
0.423478735014001
0.42260047971890913
0.421562541642885
0.4203649207859428
0.41900761714809676
0.41749063072930426
0.4158139615295795
0.4139776095489367
0.41198157478737585
0.40982585724488274
0.4075104569214574
0.40503537381711396
0.4024006079318383
0.3996061592656588
0.3966520278185328
0.3935382135904888
0.3902647165815267
0.3868315367916324
0.3832386742208058
0.3794861288690612
0.3755739007363843
0.3715019898228036
0.3672703961282764
0.36287911965283115
0.35832816039645365
0.3536175183591581
0.3487471935409303
0.34371718594178446
0.33852749556172057
0.3331781224007102
0.3276690664587818
0.32200032773593534
0.31617190623215663
0.31018380194745987
0.30403601488183085
0.2977285450352838
0.2912613924078187
0.2846345569994071
0.2778480388100917
0.2709018378398298
0.26379595408864986
0.2565303875565519
0.24910513824352165
0.24152020614957337
0.23377559127469283
0.22587129361889424
0.2178073131821634
0.2095836499645003
0.20120030396593336
0.19265727518641995
0.1839545636259743
0.1750921692846248
0.16607009216234303
0.15688833225912902
0.14754688957501116
0.13804576410996106
0.1283849558639787
0.11856446483704985
0.1085842910292314
0.09844443444046647
0.08814489507076928
0.07768567292016826
0.06706676798863498
0.05628818027616944
0.04534990978280007
0.03425195650848423
0.02299432045325034
0.011577001617084193
0
0.013724085375798722
0.02722318574544147
0.04049730110891403
0.053546431466244826
0.06637057681740544
0.07896973716238165
0.0913439125012303
0.10349310283389457
0.11541730816041706
0.12711652848076938
0.13859076379497992
0.14984001410299186
0.16086427940487624
0.17166355970057623
0.18223785499013445
0.19258716527350828
0.20271149055074034
0.21261083082181642
0.22228518608672232
0.23173455634547224
0.2409589415980662
0.24995834184448995
0.25873275708477195
0.26728218731885534
0.27560663254678275
0.2837060927685826
0.2915805679842123
0.29923005819365756
0.30665456339696107
0.3138540835941228
0.32082861878510016
0.3275781689699073
0.33410273414858693
0.3404023143210395
0.3464769094874214
0.3523265196475762
0.3579511448016177
0.3633507849494322
0.3685254400911617
0.37347511022667845
0.3781997953560676
0.3826994954792582
0.3869742105963354
0.3910239407071998
0.3948486858119651
0.3984484459104891
0.4018232210029282
0.4049730110891687
0.40789781616926746
0.40927584933199057
0.41186317690285534
0.4142255194675215
0.4163628770260601
0.41827524957841433
0.4199626371246268
0.42142503966468325
0.42266245719855533
0.42367488972627143
0.42446233724783156
0.4250247997632357
0.4253622772724839
0.42547476977556187
0.4253622772724839
0.4250247997632499
0.42446233724783156
0.42367488972627143
0.42266245719855533
0.42142503966466904
0.4199626371246268
0.41827524957842854
0.4163628770260459
0.4142255194675215
0.41186317690284113
0.40927584933199057
0.40646353675498403
0.4034262391718215
0.4001639565824888
0.39667668898700015
0.3929644363853413
0.38902719877754066
0.38486497616355564
0.38047776854342885
0.3758655759171461
0.37102839828467893
0.36596623564607
0.3606790880012909
0.35516695535037
0.34942983769326474
0.3434677350300035
0.33728064736058627
0.33086857468499886
0.3242315170032697
0.3173694743153703
0.310282446621315
0.30297043392107526
0.2954334362147222
0.2876714535021563
0.27968448578346283
0.271472533058585
0.2630355953275796
0.2543736725903898
0.24548676484704401
0.23637487209754227
0.22703799434187033
0.21747613158004242
0.20768928381204432
0.19767745103790446
0.1874406332575944
0.1769788304711284
0.16629204267849218
0.1553802698797
0.14424351207475183
0.1328817692636335
0.12129504144635916
0.10948332862292887
0.09744663079332838
0.08518494795758613
0.07269828011565949
0.059986627267591075
0.04704998941335248
0.033888366552957905
0.020501758686393146
0.006890165813672411
0.010070051949057301
0.02984835757352755
0.04914426549986217
0.06795777572804695
0.08628888825805348
0.10413760308991016
0.121503920223617
0.13838783965913137
0.15478936139651012
0.17070848543573902
0.1861452117768181
0.2010995404197189
0.21557147136444144
0.22956100461104256
0.24306814015947964
0.25609287800975267
0.26863521816186164
0.2806951606158208
0.2922727053716301
0.3033678524292469
0.3139806017887423
0.32411095345005947
0.3337589074132268
0.34292446367821583
0.35160762224508346
0.35980838311377283
0.36752674628429816
0.37476271175667364
0.38151627953088507
0.38778744960693246
0.39357622198483
0.3988825966645919
0.40370657364616136
0.4080481529295952
0.41190733451485073
0.41528411840195645
0.4181785045909123
0.42059049308170415
0.42252008387433193
0.42396727696880987
0.42493207236512376
0.4254144700632878
0.425414470063302
0.42493207236512376
0.4239672769688241
0.42252008387433193
0.42059049308170415
0.4181785045909123
0.41528411840195645
0.41190733451486494
0.4080481529295952
0.40370657364617557
0.3988825966645919
0.3935762219848584
0.38778744960694667
0.3815162795308993
0.37476271175668785
0.36752674628431237
0.35980838311377283
0.35160762224508346
0.34292446367823004
0.3337589074132268
0.32411095345005947
0.3139806017887423
0.3033678524292611
0.2922727053716301
0.2806951606158208
0.26863521816186164
0.25609287800975267
0.24306814015949385
0.22956100461105677
0.21557147136445565
0.2010995404197189
0.1861452117768181
0.17070848543573902
0.15478936139652433
0.13838783965914558
0.12150392022360279
0.10413760308989595
0.08628888825805348
0.06795777572804695
0.04914426549986217
0.02984835757354176
0.010070051949057301
0.021539485386412593
0.06294005470053321
0.10210275540308089
0.13902758749405564
0.17371455097345745
0.20616364584130054
0.23637487209752805
0.26434822974222527
0.2900837187753069
0.31358133919685827
0.33484109100679404
0.3538629742051853
0.3706469887919752
0.3851931347672348
0.39750141213086465
0.4075718208829784
0.41540436102346234
0.4209990325524302
0.4243558354697683
0.42547476977556187
0.4243558354697825
0.420999032552416
0.41540436102347655
0.4075718208829642
0.3975014121308931
0.39162700702550524
0.3781997953560534
0.36253471507502866
0.3446317661824452
0.32449094867828876
0.302112262562531
0.2774957078352145
0.25064128449632506
0.2215489925458627
0.19021883198381317
0.15665080281020494
0.12084490502500955
0.08280113862825544
0.04251950361991419
0
0.20839580560436843
0.3473263426739237
0.41679161120872266
0.41679161120870845
0.3473263426739237
0.20839580560435422
0
