-0.344749024263713
-0.875132138515589
-1.1933620070667104
-1.2994386299170877
-1.1933620070667104
-0.875132138515589
-0.34474902426371656
-0.06578354668219077
-0.1922246493960209
-0.3118310979090957
-0.42460289222142933
-0.5305400323330147
-0.6296425182438483
-0.7219103499539408
-0.8073435274632708
-0.8859420507718809
-0.9577059198797144
-1.0226351347868246
-1.0807296954931687
-1.1319896019987787
-1.17641485430363
-1.1960644851307833
-1.230237756134521
-1.2575763729375105
-1.2780803355397516
-1.2917496439412481
-1.2985842981419928
-1.2985842981419928
-1.2917496439412446
-1.2780803355397516
-1.2575763729375105
-1.230237756134521
-1.1960644851307833
-1.1550565599262974
-1.1072139805210668
-1.052536746915088
-0.9910248591083608
-0.922678317100889
-0.8474971208926689
-0.7654812704837042
-0.6766307658739876
-0.5809456070635299
-0.47842579405232044
-0.36907132684035915
-0.25288220542765316
-0.12985842981420959
0
-0.06114138678181291
-0.12080948713515127
-0.17900430106000442
-0.23572582855639013
-0.2909740696242906
-0.344749024263713
-0.3970506924746715
-0.44787907425713414
-0.49723416961113287
-0.5451159785366464
-0.5915245010336889
-0.6364597371022462
-0.6799216867423326
-0.7219103499539372
-0.7624257267370638
-0.8014678170917158
-0.8390366210178932
-0.8751321385155855
-0.9097543695848067
-0.9429033142255463
-0.9745789724378184
-1.004781344221609
-1.0335104295769142
-1.060766228503745
-1.0865487410021046
-1.1108579670719791
-1.133693906713379
-1.155056559926301
-1.1749459267107483
-1.1933620070667175
-1.210304800994205
-1.225774308493218
-1.2397705295637529
-1.2522934642058132
-1.263343112419392
-1.272919474204496
-1.281022549561122
-1.2876523384892735
-1.2928088409889433
-1.296492057060135
-1.2987019867028522
-1.2994386299170912
-1.2987019867028486
-1.296492057060128
-1.2928088409889362
-1.2876523384892664
-1.2810225495611185
-1.2729194742044925
-1.263343112419392
-1.2522934642058061
-1.2397705295637529
-1.225774308493218
-1.2103048009942015
-1.193362007066714
-1.1749459267107483
-1.155056559926301
-1.1336939067133756
-1.1108579670719791
-1.086548741002101
-1.060766228503745
-1.0335104295769142
-1.0047813442216018
-0.9745789724378184
-0.9429033142255534
-0.9097543695848138
-0.8751321385155926
-0.8390366210178968
-0.8014678170917229
-0.7624257267370709
-0.7219103499539443
-0.6799216867423397
-0.6364597371022533
-0.5915245010336925
-0.5451159785366535
-0.49723416961114
-0.4478790742571448
-0.39705069247467506
-0.3447490242637272
-0.2909740696243013
-0.23572582855639723
-0.17900430106001508
-0.12080948713515838
-0.06114138678182357
0
-0.04191460449465012
-0.083142084325452
-0.12368243949240565
-0.16353566999551106
-0.20270177583477178
-0.24118075701019137
-0.2789726135217556
-0.31607734536947873
-0.3524949525533536
-0.3882254350733838
-0.4232687929295622
-0.4576250261218995
-0.4912941346503814
-0.5242761185150293
-0.5565709777158254
-0.5881787122527733
-0.61909932212588
-0.6493328073351243
-0.678879167880531
-0.7077384037620966
-0.735910514979814
-0.7633955015336795
-0.7901933634236933
-0.8163041006498766
-0.8417277132122116
-0.8664642011106842
-0.8905135643453157
-0.9138758029161096
-0.9365509168230481
-0.958538906066142
-0.9798397706453876
-1.0004535105607957
-1.0203801258123377
-1.0396196164000564
-1.058171982323909
-1.0760372235839313
-1.093215340180091
-1.1097063321124168
-1.1255101993808907
-1.1406269419855235
-1.1550565599262939
-1.1687990532032373
-1.1818544218163183
-1.1942226657655652
-1.2059037850509498
-1.2168977796725038
-1.2272046496301954
-1.23682439492406
-1.2457570155540623
-1.254002511520227
-1.261560882822529
-1.268432129461008
-1.2746162514356172
-1.2801132487463995
-1.2849231213933194
-1.2890458693764089
-1.2924814926956358
-1.2952299913510288
-1.2972913653425593
-1.2986656146702593
-1.299352739334104
-1.299352739334104
-1.2986656146702558
-1.2972913653425664
-1.2952299913510252
-1.2924814926956358
-1.2890458693764053
-1.2849231213933194
-1.280113248746396
-1.2746162514356243
-1.2684321294610008
-1.2615608828225362
-1.2540025115202234
-1.2499656541201247
-1.2413765958220395
-1.232100412860106
-1.2221371052343315
-1.2114866729447087
-1.2001491159912376
-1.188124434373922
-1.175412628092758
-1.1620136971477422
-1.1479276415388924
-1.1331544612661872
-1.1176941563296339
-1.1015467267292358
-1.084712172464993
-1.0671904935369056
-1.0489816899449664
-1.0300857616891825
-1.0105027087695504
-0.9902325311860736
-0.9692752289387485
-0.9476308020275752
-0.9252992504525608
-0.9022805742136981
-0.8785747733109872
-0.8541818477444281
-0.8291017975140278
-0.8033346226197722
-0.7768803230616754
-0.7497388988397375
-0.7219103499539408
-0.6933946764043064
-0.6641918781908203
-0.6343019553134894
-0.6037249077723104
-0.5724607355672866
-0.5405094386984146
-0.5078710171656979
-0.474545470969133
-0.440532800108727
-0.4058330045844656
-0.37044608439636306
-0.33437203954440875
-0.2976108700286133
-0.2601625758489696
-0.22202715700547415
-0.18320461349813755
-0.14369494532695626
-0.10349815249192673
-0.06261423499304186
-0.021043192830319413
-0.017739568460587662
-0.05285294108360716
-0.08747862797574513
-0.12161662913701221
-0.15526694456740486
-0.18842957426692308
-0.22110451823556332
-0.25329177647332557
-0.28499134898022405
-0.316203235756241
-0.34692743680137283
-0.37716395211563736
-0.406912781699031
-0.43617392555154666
-0.4649473836731808
-0.49323315606395113
-0.5210312427238399
-0.5483416436528579
-0.5751643588509907
-0.6014993883182491
-0.6273467320546402
-0.6527063900601497
-0.6775783623347884
-0.7019626488785491
-0.7258592496914353
-0.7492681647734507
-0.7721893941245881
-0.7946229377448475
-0.816568795634236
-0.8380269677927465
-0.8589974542203791
-0.8794802549171372
-0.8994753698830245
-0.9189827991180337
-0.9380025426221685
-0.9565346003954289
-0.9745789724378149
-0.9921356587493193
-1.0092046593299564
-1.0257859741797155
-1.041879603298593
-1.0574855466866033
-1.0726038043437356
-1.0872343762699934
-1.1013772624653768
-1.1150324629298822
-1.1281999776635132
-1.1408798066662698
-1.1530719499381483
-1.164776407479156
-1.1759931792892893
-1.186722265368541
-1.1969636657169218
-1.2067173803344282
-1.2159834092210566
-1.2247617523768106
-1.2330524098016937
-1.2408553814956953
-1.2481706674588224
-1.2549982676910787
-1.261338182192457
-1.2671904109629537
-1.2725549540025867
-1.277431811311338
-1.281820982889215
-1.2857224687362176
-1.2891362688523458
-1.2920623832375995
-1.2945008118919716
-1.296451554815473
-1.2979146120080998
-1.2988899834698486
-1.299377669200723
-1.299377669200723
-1.2988899834698486
-1.2979146120080998
-1.2964515548154765
-1.2945008118919716
-1.292062383237596
-1.2891362688523458
-1.2857224687362212
-1.281820982889215
-1.2774318113113416
-1.2725549540025867
-1.2671904109629608
-1.2613381821924605
-1.2549982676910787
-1.2481706674588224
-1.2408553814956989
-1.2330524098016937
-1.2247617523768106
-1.2159834092210602
-1.2067173803344247
-1.1969636657169218
-1.1867222653685445
-1.1759931792892857
-1.164776407479156
-1.1530719499381519
-1.1408798066662698
-1.1281999776635132
-1.1150324629298787
-1.1013772624653733
-1.0872343762699899
-1.0726038043437356
-1.0574855466865998
-1.041879603298593
-1.025785974179712
-1.0092046593299528
-0.9921356587493193
-0.9745789724378078
-0.9565346003954218
-0.938002542622165
-0.9189827991180302
-0.8994753698830209
-0.8794802549171337
-0.858997454220372
-0.838026967792743
-0.8165687956342254
-0.7946229377448404
-0.772189394124581
-0.74926816477344
-0.7258592496914318
-0.7019626488785455
-0.6775783623347813
-0.6527063900601426
-0.6273467320546331
-0.6014993883182385
-0.57516435885098
-0.5483416436528401
-0.5210312427238293
-0.4932331560639369
-0.4649473836731701
-0.436173925551536
-0.40691278169901324
-0.3771639521156267
-0.3469274368013622
-0.31620323575621967
-0.2849913489802063
-0.2532917764733149
-0.2211045182355491
-0.18842957426690532
-0.15526694456739065
-0.12161662913699445
-0.08747862797572736
-0.0528529410835894
-0.0177395684605699
-0.03535721548845672
-0.070226745246039
-0.10460858927273975
-0.13850274756857317
-0.1719092201335286
-0.20482800696759895
-0.23725910807080197
-0.2692025234431341
-0.30065825308458827
-0.331626296995168
-0.36210665517486973
-0.39209932762369704
-0.42160431434164636
-0.45062161532872125
-0.4791512305849217
-0.5071931601102584
-0.5347474039047064
-0.5618139619682836
-0.5883928343009828
-0.6144840209028111
-0.6400875217737614
-0.6652033369138373
-0.6898314663230387
-0.7139719100013622
-0.7376246679488112
-0.7607897401653823
-0.7834671266510824
-0.8056568274059082
-0.8273588424298524
-0.8485731717229257
-0.8692998152851281
-0.889538773116449
-0.9092900452168955
-0.9285536315864675
-0.9473295322251651
-0.9656177471329848
-0.9834182763099335
-1.0007311197560078
-1.0175562774712006
-1.0338937494555225
-1.0497435357089628
-1.0651056362315359
-1.079980051023231
-1.0943667800840515
-1.1082658234139942
-1.121677181013066
-1.1346008528812561
-1.1470368390185754
-1.1589851394250168
-1.1704457541005908
-1.1814186830452797
-1.1919039262591014
-1.2019014837420414
-1.211411355494107
-1.2204335415153018
-1.228968041805615
-1.2370148563650574
-1.2445739851936253
-1.2516454282913188
-1.2582291856581307
-1.2643252572940717
-1.2699336431991384
-1.275054343373327
-1.2796873578166412
-1.283832686529081
-1.2874903295106463
-1.2906602867613373
-1.2933425582811466
-1.2955371440700887
-1.2972440441281492
-1.2984632584553353
-1.299194787051654
-1.2994386299170877
-1.2991947870516505
-1.2984632584553388
-1.2972440441281492
-1.2955371440700851
-1.2933425582811466
-1.2906602867613302
-1.2874903295106463
-1.283832686529074
-1.2796873578166377
-1.2750543433733235
-1.2699336431991313
-1.2643252572940682
-1.2582291856581307
-1.2516454282913116
-1.2445739851936182
-1.2370148563650538
-1.2289680418056115
-1.2204335415152947
-1.2114113554941035
-1.2019014837420343
-1.1919039262590942
-1.1814186830452726
-1.1704457541005802
-1.1589851394250132
-1.1470368390185683
-1.134600852881249
-1.1216771810130552
-1.108265823413987
-1.0943667800840444
-1.0799800510232238
-1.0651056362315252
-1.0497435357089557
-1.0338937494555083
-1.01755627747119
-1.00073111975599
-0.9834182763099193
-0.9656177471329777
-0.9473295322251545
-0.9285536315864604
-0.9092900452168848
-0.8895387731164348
-0.8692998152851104
-0.8485731717229115
-0.8273588424298453
-0.805656827405894
-0.7834671266510682
-0.7607897401653716
-0.7376246679487934
-0.713971910001348
-0.689831466323021
-0.6652033369138195
-0.6400875217737436
-0.6144840209027933
-0.5883928343009686
-0.5618139619682694
-0.5347474039046958
-0.5071931601102442
-0.47915123058491105
-0.45062161532871414
-0.4216043143416357
-0.3920993276236828
-0.3621066551748555
-0.3316262969951502
-0.30065825308457406
-0.2692025234431199
-0.2372591080707913
-0.20482800696758474
-0.1719092201335073
-0.13850274756855185
-0.10460858927272199
-0.07022674524601769
-0.03535721548843895
0
-0.04191460449465012
-0.083142084325452
-0.12368243949240565
-0.16353566999551106
-0.20270177583477178
-0.24118075701019137
-0.2789726135217556
-0.31607734536947873
-0.3524949525533536
-0.3882254350733838
-0.4232687929295622
-0.4576250261218995
-0.4912941346503814
-0.5242761185150293
-0.5565709777158254
-0.5881787122527733
-0.61909932212588
-0.6493328073351243
-0.678879167880531
-0.7077384037620966
-0.735910514979814
-0.7633955015336795
-0.7901933634236933
-0.8163041006498766
-0.8417277132122116
-0.8664642011106842
-0.8905135643453157
-0.9138758029161096
-0.9365509168230481
-0.958538906066142
-0.9798397706453876
-1.0004535105607957
-1.0203801258123377
-1.0396196164000564
-1.058171982323909
-1.0760372235839313
-1.093215340180091
-1.1097063321124168
-1.1255101993808907
-1.1406269419855235
-1.1550565599262939
-1.1687990532032373
-1.1818544218163183
-1.1942226657655652
-1.2059037850509498
-1.2168977796725038
-1.2272046496301954
-1.23682439492406
-1.2457570155540623
-1.2499656541201247
-1.2578675877543617
-1.2650823967247504
-1.2716100810312945
-1.2774506406739903
-1.282604075652845
-1.2870703859678478
-1.290849571618999
-1.2939416326063125
-1.2963465689297777
-1.2980643805893912
-1.2990950675851636
-1.2994386299170841
-1.2990950675851636
-1.2980643805893912
-1.2963465689297777
-1.293941632606316
-1.2908495716190025
-1.2870703859678443
-1.2826040756528414
-1.2774506406739903
-1.271610081031298
-1.2650823967247504
-1.2578675877543617
-1.2499656541201247
-1.2413765958220395
-1.232100412860106
-1.2221371052343315
-1.2114866729447087
-1.2001491159912376
-1.188124434373922
-1.175412628092758
-1.1620136971477422
-1.1479276415388924
-1.1331544612661872
-1.1176941563296339
-1.1015467267292358
-1.084712172464993
-1.0671904935369056
-1.0489816899449664
-1.0300857616891825
-1.0105027087695504
-0.9902325311860736
-0.9692752289387485
-0.9476308020275752
-0.9252992504525608
-0.9022805742136981
-0.8785747733109872
-0.8541818477444281
-0.8291017975140278
-0.8033346226197722
-0.7768803230616754
-0.7497388988397375
-0.7219103499539408
-0.6933946764043064
-0.6641918781908203
-0.6343019553134894
-0.6037249077723104
-0.5724607355672866
-0.5405094386984146
-0.5078710171656979
-0.474545470969133
-0.440532800108727
-0.4058330045844656
-0.37044608439636306
-0.33437203954440875
-0.2976108700286133
-0.2601625758489696
-0.22202715700547415
-0.18320461349813755
-0.14369494532695626
-0.10349815249192673
-0.06261423499304186
-0.021043192830319413
-0.030754854194462666
-0.09115959776204008
-0.15009105490113583
-0.20754922561175704
-0.26353410989390014
-0.31804570774756513
-0.37108401917274847
-0.42264904416946436
-0.47274078273769504
-0.5213592348774476
-0.5685044005887221
-0.614176279871522
-0.6583748727258509
-0.7011001791516946
-0.7423521991490603
-0.7821309327179513
-0.8204363798583643
-0.8572685405703027
-0.8926274148537559
-0.926513002708738
-0.9589253041352457
-0.9898643191332752
-1.019330047702816
-1.0473224898438893
-1.0738416455564845
-1.098887514840598
-1.1224600976962371
-1.1445593941234016
-1.1651854041220844
-1.184338127692289
-1.2020175648340157
-1.2182237155472713
-1.2329565798320452
-1.246216157688341
-1.2580024491161588
-1.268315454115502
-1.277155172686367
-1.2845216048287504
-1.2904147505426629
-1.2948346098280936
-1.2977811826850498
-1.2992544691135315
-1.299254469113528
-1.2977811826850498
-1.2948346098280936
-1.2904147505426629
-1.284521604828754
-1.277155172686367
-1.268315454115502
-1.2580024491161623
-1.2462161576883375
-1.2329565798320417
-1.2182237155472677
-1.2020175648340157
-1.184338127692289
-1.1651854041220844
-1.144559394123398
-1.1224600976962371
-1.098887514840598
-1.073841645556481
-1.0473224898438858
-1.0193300477028195
-0.9898643191332752
-0.9589253041352457
-0.9265130027087451
-0.892627414853763
-0.8572685405703062
-0.8204363798583714
-0.7821309327179584
-0.7423521991490674
-0.7011001791517018
-0.658374872725858
-0.6141762798715327
-0.5685044005887292
-0.5213592348774583
-0.4727407827376986
-0.4226490441694679
-0.3710840191727627
-0.31804570774757224
-0.26353410989390724
-0.2075492256117677
-0.15009105490115004
-0.09115959776205429
-0.03075485419448043
-0.06578354668219077
-0.1922246493960209
-0.3118310979090957
-0.42460289222142933
-0.5305400323330147
-0.6296425182438483
-0.7219103499539408
-0.8073435274632708
-0.8859420507718809
-0.9577059198797144
-1.0226351347868246
-1.0807296954931687
-1.1319896019987787
-1.17641485430363
-1.214005452407747
-1.2447613963111053
-1.2686826860137295
-1.2857693215155876
-1.296021302816719
-1.2994386299170841
-1.2960213028167118
-1.2857693215155912
-1.268682686013726
-1.2447613963111088
-1.2140054524077435
-1.1960644851307833
-1.1550565599262974
-1.1072139805210668
-1.052536746915088
-0.9910248591083608
-0.922678317100889
-0.8474971208926689
-0.7654812704837042
-0.6766307658739876
-0.5809456070635299
-0.47842579405232044
-0.36907132684035915
-0.25288220542765316
-0.12985842981420959
0
-0.6364597371022427
-1.0607662285037414
-1.2729194742044925
-1.272919474204489
-1.060766228503745
-0.6364597371022498
-3.552713678800501e-15
