-0.5188206847571006
-1.3170063536141843
-1.795917754928432
-1.9555548886998473
-1.795917754928432
-1.317006353614186
-0.5188206847571042
-0.09899916267579556
-0.28928326755914924
-0.469281745151509
-0.6389945954528748
-0.7984218184632521
-0.9475634141826337
-1.0864193826110284
-1.2149897237484257
-1.3332744375948344
-1.4412735241502492
-1.5389869834146754
-1.6264148153881042
-1.7035570200705479
-1.7704135974619923
-1.799984775923594
-1.8514129123785565
-1.8925554215425233
-1.9234123034154997
-1.9439835579974822
-1.9542691852884744
-1.9542691852884744
-1.9439835579974822
-1.9234123034154997
-1.8925554215425233
-1.8514129123785548
-1.7999847759235958
-1.7382710121776448
-1.6662716211407016
-1.5839866028127645
-1.491415957193837
-1.3885596842839192
-1.2754177840830074
-1.1519902565911053
-1.0182771018082093
-0.8742783197343247
-0.7199939103694462
-0.5554238737135755
-0.3805682097667127
-0.19542691852885952
0
-0.09201307015991311
-0.18180895790633578
-0.26938766323926266
-0.35474918615870266
-0.43789352666464865
-0.5188206847571006
-0.5975306604360657
-0.6740234537015333
-0.7482990645535139
-0.8203574929920006
-0.8901987390169968
-0.9578228026284972
-1.023229683826509
-1.0864193826110267
-1.1473918989820557
-1.206147232939589
-1.2626853844836337
-1.3170063536141843
-1.3691101403312445
-1.4189967446348106
-1.4666661665248881
-1.5121184060014716
-1.555353463064563
-1.596371337714162
-1.6351720299502723
-1.6717555397728852
-1.706121867182011
-1.738271012177643
-1.7682029747597845
-1.7959177549284338
-1.8214153526835908
-1.8446957680252538
-1.8657590009534264
-1.8846050514681085
-1.9012339195692984
-1.9156456052569943
-1.9278401085311998
-1.937817429391913
-1.9455775678391358
-1.9511205238728646
-1.954446297493103
-1.955554888699849
-1.954446297493103
-1.9511205238728646
-1.9455775678391358
-1.937817429391913
-1.9278401085312016
-1.9156456052569961
-1.9012339195692967
-1.8846050514681085
-1.8657590009534282
-1.8446957680252556
-1.8214153526835908
-1.7959177549284355
-1.768202974759788
-1.7382710121776466
-1.7061218671820146
-1.6717555397728923
-1.635172029950274
-1.5963713377141673
-1.5553534630645665
-1.5121184060014752
-1.4666661665248917
-1.4189967446348177
-1.3691101403312516
-1.3170063536141914
-1.2626853844836408
-1.206147232939598
-1.1473918989820628
-1.0864193826110373
-1.0232296838265196
-0.9578228026285078
-0.8901987390170056
-0.820357492992013
-0.7482990645535263
-0.6740234537015493
-0.5975306604360799
-0.5188206847571166
-0.43789352666466286
-0.35474918615871864
-0.2693876632392822
-0.18180895790635176
-0.09201307015993265
0
-0.0630782461289936
-0.12512242264931217
-0.18613252956096282
-0.24610856686393667
-0.3050505345582408
-0.3629584326438753
-0.4198322611208347
-0.4756720199891227
-0.5304777092487392
-0.5842493288996842
-0.6369868789419542
-0.6886903593755562
-0.7393597702004833
-0.7889951114167406
-0.8375963830243247
-0.8851635850232373
-0.9316967174134767
-0.9771957801950446
-1.0216607733679428
-1.065091696932166
-1.1074885508877177
-1.148851335234598
-1.189180049972805
-1.2284746951023422
-1.266735270623208
-1.3039617765353988
-1.3401542128389181
-1.3753125795337695
-1.4094368766199459
-1.4425271040974472
-1.4745832619662806
-1.5056053502264408
-1.5355933688779277
-1.5645473179207467
-1.592467197354889
-1.6193530071803632
-1.6452047473971607
-1.670022418005292
-1.6938060190047466
-1.7165555503955314
-1.7382710121776412
-1.758952404351085
-1.7785997269158518
-1.7972129798719507
-1.814792163219371
-1.8313372769581253
-1.8468483210882027
-1.861325295609614
-1.8747682005223485
-1.8871770358264133
-1.898551801521803
-1.9088924976085266
-1.9181991240865717
-1.9264716809559506
-1.9337101682166526
-1.939914585868685
-1.9450849339120442
-1.9492212123467354
-1.952323421172748
-1.9543915603900928
-1.9554256299987642
-1.9554256299987642
-1.9543915603900928
-1.952323421172748
-1.9492212123467318
-1.9450849339120442
-1.939914585868685
-1.9337101682166526
-1.9264716809559488
-1.9181991240865717
-1.908892497608523
-1.8985518015218048
-1.8871770358264115
-1.881101876875464
-1.8681760067670634
-1.8542160670499914
-1.839222057724248
-1.8231939787898312
-1.8061318302467448
-1.7880356120949834
-1.7689053243345523
-1.748740966965448
-1.727542539987672
-1.7053100434012247
-1.6820434772061041
-1.657742841402312
-1.6324081359898486
-1.6060393609687118
-1.5786365163389053
-1.5501996021004238
-1.5207286182532727
-1.49022356479745
-1.4586844417329523
-1.426111249059785
-1.392503986777946
-1.357862654887434
-1.3221872533882504
-1.2854777822803936
-1.247734241563867
-1.2089566312386673
-1.1691449513047942
-1.1282992017622515
-1.0864193826110338
-1.043505493851148
-0.9995575354825874
-0.954575507505357
-0.9085594099194516
-0.8615092427248765
-0.8134250059216299
-0.7643066995097101
-0.7141543234891188
-0.6629678778598542
-0.6107473626219182
-0.5574927777753107
-0.5032041233200317
-0.4478813992560813
-0.3915246055834558
-0.33413374230216064
-0.2757088094121922
-0.2162498069135541
-0.15575673480624275
-0.09422959309025813
-0.031668381765603826
-0.02669668195776076
-0.0795395988226133
-0.1316485862865573
-0.18302364434960516
-0.2336647730117516
-0.28357197227300013
-0.3327452421333419
-0.38118458259278754
-0.42888999365133174
-0.47586147530897804
-0.5220990275657176
-0.567602650421561
-0.6123723438765012
-0.6564081079305399
-0.6997099425836808
-0.7422778478359202
-0.78411182368726
-0.8252118701376965
-0.8655779871872333
-0.9052101748358705
-0.9441084330836045
-0.9822727619304406
-1.0197031613763752
-1.0563996314214101
-1.0923621720655436
-1.127590783308774
-1.1620854651511063
-1.1958462175925373
-1.2288730406330686
-1.2611659342726984
-1.2927248985114268
-1.3235499333492555
-1.3536410387861828
-1.3829982148222104
-1.4116214614573348
-1.4395107786915613
-1.4666661665248881
-1.4930876249573117
-1.5187751539888357
-1.5437287536194582
-1.567948423849181
-1.5914341646780024
-1.614185976105924
-1.6362038581329443
-1.6574878107590632
-1.6780378339842805
-1.6978539278086
-1.716936092232018
-1.7352843272545364
-1.7528986328761516
-1.769779009096867
-1.785925455916681
-1.8013379733355954
-1.8160165613536083
-1.8299612199707216
-1.8431719491869334
-1.8556487490022455
-1.8673916194166562
-1.8784005604301655
-1.888675572042775
-1.898216654254485
-1.9070238070652916
-1.9150970304751986
-1.922436324484206
-1.9290416890923119
-1.9349131242995163
-1.940050630105823
-1.9444542065112245
-1.9481238535157281
-1.9510595711193304
-1.953261359322033
-1.954729218123834
-1.9554631475247355
-1.9554631475247355
-1.954729218123834
-1.9532613593220347
-1.9510595711193321
-1.9481238535157281
-1.9444542065112245
-1.9400506301058194
-1.9349131242995163
-1.92904168909231
-1.9224363244842042
-1.9150970304751969
-1.9070238070652898
-1.8982166542544814
-1.8886755720427715
-1.878400560430162
-1.8673916194166527
-1.855648749002242
-1.8431719491869298
-1.829961219970718
-1.816016561353603
-1.80133797333559
-1.7859254559166757
-1.76977900909686
-1.7528986328761444
-1.7352843272545275
-1.716936092232011
-1.697853927808593
-1.6780378339842752
-1.6574878107590543
-1.6362038581329372
-1.6141859761059152
-1.5914341646779935
-1.5679484238491703
-1.5437287536194493
-1.5187751539888268
-1.493087624957301
-1.4666661665248775
-1.4395107786915524
-1.411621461457326
-1.382998214822198
-1.3536410387861721
-1.3235499333492449
-1.2927248985114144
-1.261165934272686
-1.2288730406330544
-1.1958462175925249
-1.1620854651510921
-1.1275907833087615
-1.0923621720655277
-1.0563996314213941
-1.019703161376361
-0.9822727619304246
-0.9441084330835903
-0.9052101748358528
-0.8655779871872173
-0.8252118701376787
-0.7841118236872404
-0.7422778478359024
-0.6997099425836613
-0.6564081079305222
-0.6123723438764817
-0.5676026504215397
-0.5220990275656963
-0.4758614753089532
-0.4288899936513104
-0.38118458259276444
-0.3327452421333206
-0.28357197227297526
-0.2336647730117285
-0.1830236443495803
-0.13164858628653242
-0.07953959882258488
-0.02669668195773589
-0.05320988156529971
-0.10568583372969798
-0.1574278564931948
-0.20843594985579195
-0.25871011381748943
-0.3082503483782819
-0.3570566535381783
-0.40512902929717143
-0.4524674756552667
-0.4990719926124587
-0.5449425801687511
-0.5900792383241438
-0.6344819670786332
-0.678150766432223
-0.7210856363849132
-0.7632865769367037
-0.8047535880875909
-0.8454866698375785
-0.8854858221866646
-0.9247510451348528
-0.9632823386821361
-1.0010797028285232
-1.0381431375740071
-1.0744726429185913
-1.1100682188622741
-1.1449298654050555
-1.1790575825469372
-1.2124513702879174
-1.245111228627998
-1.277037157567177
-1.3082291571054565
-1.3386872272428345
-1.368411367979311
-1.397401579314888
-1.4256578612495634
-1.4531802137833392
-1.4799686369162135
-1.5060231306481882
-1.5313436949792614
-1.5559303299094331
-1.5797830354387052
-1.6029018115670777
-1.6252866582945487
-1.6469375756211182
-1.667854563546788
-1.6880376220715565
-1.7074867511954235
-1.7262019509183908
-1.7441832212404567
-1.7614305621616229
-1.7779439736818876
-1.7937234558012527
-1.8087690085197163
-1.8230806318372803
-1.836658325753941
-1.8495020902697057
-1.8616119253845653
-1.8729878310985253
-1.8836298074115856
-1.8935378543237427
-1.9027119718350018
-1.9111521599453614
-1.9188584186548177
-1.9258307479633743
-1.9320691478710295
-1.9375736183777832
-1.942344159483639
-1.9463807711885917
-1.9496834534926446
-1.9522522063957979
-1.954087029898048
-1.9551879239994001
-1.955554888699849
-1.9551879239993983
-1.954087029898048
-1.9522522063957943
-1.9496834534926428
-1.946380771188588
-1.9423441594836355
-1.9375736183777814
-1.932069147871026
-1.925830747963369
-1.918858418654814
-1.911152159945356
-1.9027119718349965
-1.8935378543237391
-1.8836298074115803
-1.87298783109852
-1.8616119253845582
-1.8495020902696986
-1.8366583257539357
-1.8230806318372732
-1.8087690085197092
-1.7937234558012456
-1.7779439736818805
-1.7614305621616158
-1.7441832212404478
-1.726201950918382
-1.7074867511954146
-1.6880376220715458
-1.6678545635467774
-1.6469375756211075
-1.625286658294538
-1.6029018115670652
-1.5797830354386946
-1.5559303299094225
-1.531343694979249
-1.5060231306481757
-1.479968636916201
-1.4531802137833267
-1.425657861249551
-1.3974015793148755
-1.3684113679792986
-1.3386872272428185
-1.3082291571054405
-1.277037157567161
-1.2451112286279837
-1.2124513702879014
-1.1790575825469212
-1.1449298654050395
-1.1100682188622564
-1.0744726429185736
-1.0381431375739893
-1.0010797028285054
-0.9632823386821201
-0.9247510451348333
-0.8854858221866468
-0.8454866698375607
-0.8047535880875714
-0.7632865769366841
-0.7210856363848954
-0.6781507664322035
-0.6344819670786137
-0.5900792383241225
-0.5449425801687298
-0.4990719926124374
-0.4524674756552436
-0.4051290292971519
-0.35705665353815697
-0.3082503483782606
-0.25871011381746456
-0.20843594985576708
-0.15742785649316993
-0.10568583372967133
-0.053209881565273065
0
-0.0630782461289936
-0.12512242264931217
-0.18613252956096282
-0.24610856686393667
-0.3050505345582408
-0.3629584326438753
-0.4198322611208347
-0.4756720199891227
-0.5304777092487392
-0.5842493288996842
-0.6369868789419542
-0.6886903593755562
-0.7393597702004833
-0.7889951114167406
-0.8375963830243247
-0.8851635850232373
-0.9316967174134767
-0.9771957801950446
-1.0216607733679428
-1.065091696932166
-1.1074885508877177
-1.148851335234598
-1.189180049972805
-1.2284746951023422
-1.266735270623208
-1.3039617765353988
-1.3401542128389181
-1.3753125795337695
-1.4094368766199459
-1.4425271040974472
-1.4745832619662806
-1.5056053502264408
-1.5355933688779277
-1.5645473179207467
-1.592467197354889
-1.6193530071803632
-1.6452047473971607
-1.670022418005292
-1.6938060190047466
-1.7165555503955314
-1.7382710121776412
-1.758952404351085
-1.7785997269158518
-1.7972129798719507
-1.814792163219371
-1.8313372769581253
-1.8468483210882027
-1.861325295609614
-1.8747682005223485
-1.8811018768754657
-1.892993677375193
-1.9038514082662488
-1.913675069548633
-1.922464661222346
-1.9302201832873855
-1.9369416357437537
-1.9426290185914503
-1.9472823318304737
-1.9509015754608257
-1.9534867494825043
-1.9550378538955133
-1.955554888699849
-1.9550378538955115
-1.9534867494825043
-1.9509015754608257
-1.947282331830472
-1.9426290185914485
-1.9369416357437519
-1.9302201832873838
-1.9224646612223442
-1.9136750695486313
-1.9038514082662488
-1.8929936773751912
-1.881101876875464
-1.8681760067670634
-1.8542160670499914
-1.839222057724248
-1.8231939787898312
-1.8061318302467448
-1.7880356120949834
-1.7689053243345523
-1.748740966965448
-1.727542539987672
-1.7053100434012247
-1.6820434772061041
-1.657742841402312
-1.6324081359898486
-1.6060393609687118
-1.5786365163389053
-1.5501996021004238
-1.5207286182532727
-1.49022356479745
-1.4586844417329523
-1.426111249059785
-1.392503986777946
-1.357862654887434
-1.3221872533882504
-1.2854777822803936
-1.247734241563867
-1.2089566312386673
-1.1691449513047942
-1.1282992017622515
-1.0864193826110338
-1.043505493851148
-0.9995575354825874
-0.954575507505357
-0.9085594099194516
-0.8615092427248765
-0.8134250059216299
-0.7643066995097101
-0.7141543234891188
-0.6629678778598542
-0.6107473626219182
-0.5574927777753107
-0.5032041233200317
-0.4478813992560813
-0.3915246055834558
-0.33413374230216064
-0.2757088094121922
-0.2162498069135541
-0.15575673480624275
-0.09422959309025813
-0.031668381765603826
-0.04628368288164353
-0.1371881618348123
-0.22587545837448708
-0.31234557250066963
-0.39659850421336174
-0.4786342535125634
-0.5584528203982693
-0.6360542048704882
-0.7114384069292132
-0.7846054265744442
-0.855555263806183
-0.924287918624433
-0.9908033910291927
-1.0551016810204548
-1.1171827885982282
-1.1770467137625094
-1.2346934565132983
-1.2901230168505968
-1.3433353947743996
-1.3943305902847154
-1.4431086033815372
-1.4896694340648668
-1.5340130823347042
-1.5761395481910512
-1.6160488316339041
-1.6537409326632666
-1.689215851279135
-1.7224735874815131
-1.7535141412704007
-1.782337512645796
-1.8089437016076975
-1.8333327081561084
-1.855504532291027
-1.8754591740124535
-1.8931966333203896
-1.9087169102148316
-1.9220200046957832
-1.9331059167632425
-1.9419746464172114
-1.948626193657688
-1.9530605584846708
-1.9552777408981648
-1.9552777408981612
-1.9530605584846708
-1.9486261936576863
-1.9419746464172114
-1.9331059167632425
-1.922020004695785
-1.9087169102148334
-1.8931966333203913
-1.8754591740124553
-1.8555045322910289
-1.8333327081561102
-1.8089437016076992
-1.7823375126457979
-1.7535141412704043
-1.7224735874815167
-1.6892158512791386
-1.6537409326632684
-1.6160488316339077
-1.576139548191053
-1.5340130823347078
-1.4896694340648722
-1.4431086033815426
-1.3943305902847207
-1.3433353947744067
-1.2901230168506022
-1.2346934565133054
-1.1770467137625165
-1.1171827885982353
-1.0551016810204636
-0.9908033910291998
-0.9242879186244437
-0.8555552638061954
-0.7846054265744566
-0.7114384069292239
-0.6360542048705007
-0.5584528203982853
-0.4786342535125776
-0.3965985042133795
-0.3123455725006856
-0.22587545837450484
-0.13718816183483007
-0.04628368288166129
-0.09899916267579556
-0.28928326755914924
-0.469281745151509
-0.6389945954528748
-0.7984218184632521
-0.9475634141826337
-1.0864193826110284
-1.2149897237484257
-1.3332744375948344
-1.4412735241502492
-1.5389869834146754
-1.6264148153881042
-1.7035570200705479
-1.7704135974619923
-1.82698454756245
-1.873269870371912
-1.9092695658903853
-1.934983634117863
-1.9504120750543539
-1.955554888699849
-1.950412075054352
-1.9349836341178648
-1.9092695658903853
-1.8732698703719137
-1.82698454756245
-1.7999847759235958
-1.7382710121776448
-1.6662716211407016
-1.5839866028127645
-1.491415957193837
-1.3885596842839192
-1.2754177840830074
-1.1519902565911053
-1.0182771018082093
-0.8742783197343247
-0.7199939103694462
-0.5554238737135755
-0.3805682097667127
-0.19542691852885952
0
-0.9578228026284972
-1.596371337714162
-1.9156456052569943
-1.9156456052569943
-1.5963713377141637
-0.957822802628499
-3.552713678800501e-15
