0.06188032001959698
0.15708081235744942
0.2142011077601751
0.23324120622773137
0.2142011077601751
0.15708081235744942
0.06188032001959698
0.011807740223233054
0.034503137015931884
0.05597175560362189
0.07621359598631727
0.09522865816397541
0.11301694213665314
0.12957844790427941
0.1449131754669537
0.1590211248245481
0.17190229597719053
0.1835566889247673
0.19398430366737784
0.20318514020493694
0.21115919853754406
0.21468618587694266
0.220820076902001
0.22572718972205053
0.2294075243370628
0.23186108074709466
0.2330878589521035
0.2330878589521035
0.23186108074708045
0.229407524337077
0.22572718972203631
0.220820076902001
0.21468618587694266
0.20732551664687549
0.19873806921179948
0.18892384357170044
0.1778828397266068
0.1656150576765043
0.1521204974213788
0.13739915896124444
0.12145104229610126
0.10427614742593505
0.08587447435077422
0.06624602307060456
0.04539079358541187
0.02330878589521035
0
0.010974501200053055
0.021684556588070336
0.03213016616402342
0.04231132992792652
0.05222804787977964
0.06188032001959698
0.07126814634735013
0.08039152686308171
0.0892504615667491
0.09784495045833808
0.10617499353789128
0.11424059080543714
0.12204174226087616
0.12957844790429363
0.1368507077356469
0.1438585217549928
0.15060188996221768
0.15708081235747784
0.16329528894061696
0.1692453197117345
0.17493090467078787
0.18035204381779124
0.18550873715275884
0.19040098467570488
0.1950287863865583
0.19939214228537594
0.2034910523721294
0.20732551664686127
0.21089553510954318
0.21420110776016088
0.2172422345987144
0.22001891562524634
0.2225311508397141
0.22477894024213185
0.22676228383251384
0.22848118161083164
0.22993563357709945
0.23112563973131728
0.23205120007349933
0.2327123146036314
0.23310898332169927
0.23324120622771716
0.23310898332171348
0.2327123146036314
0.23205120007351354
0.2311256397313315
0.22993563357711366
0.22848118161084585
0.22676228383252806
0.22477894024214606
0.2225311508397283
0.22001891562524634
0.2172422345987286
0.21420110776016088
0.21089553510952896
0.20732551664687549
0.2034910523721578
0.19939214228537594
0.1950287863865725
0.19040098467570488
0.18550873715278726
0.18035204381781966
0.17493090467078787
0.1692453197117345
0.16329528894061696
0.15708081235746363
0.1506018899622319
0.1438585217549786
0.1368507077356611
0.12957844790429363
0.12204174226087616
0.11424059080542293
0.1061749935379055
0.09784495045835229
0.08925046156672067
0.08039152686308171
0.07126814634736434
0.06188032001961119
0.05222804787979385
0.04231132992794073
0.03213016616402342
0.021684556588070336
0.010974501200067266
0
0.007523412561226905
0.014923490490360791
0.02220023378728797
0.029353642452079498
0.03638371648473537
0.043290455885212964
0.05007386065356911
0.05673393078973277
0.06327066629378919
0.06968406716566733
0.07597413340540982
0.08214086501297402
0.08818426198841678
0.09410432433168125
0.09990105204281008
0.10557444512178904
0.11112450356858972
0.11655122738328316
0.12185461656581253
0.12703467111617783
0.13209139103437906
0.13702477632045884
0.14183482697437455
0.1465215429961262
0.15108492438571375
0.15552497114317987
0.15984168326851034
0.1640350607616483
0.16810510362263642
0.1720518118515173
0.1758751854482199
0.1795752244127442
0.1831519287451755
0.18660529844538587
0.18993533351350322
0.19314203394942808
0.1962253997532457
0.19918543092485663
0.20202212746437453
0.20473548937168573
0.2073255166468897
0.20979220928990117
0.2121355673007912
0.21435559067950294
0.21645227942609324
0.21842563354049105
0.22027565302281005
0.22200233787290813
0.22360568809089898
0.22508570367669734
0.22644238463038846
0.22767573095187288
0.22878574264126428
0.22977241969846318
0.23063576212352643
0.23137576991643982
0.23199244307721756
0.2324857816057886
0.2328557855022666
0.23310245476655211
0.2332257893987162
0.2332257893987162
0.23310245476656632
0.2328557855022666
0.2324857816057886
0.23199244307718914
0.23137576991643982
0.23063576212352643
0.22977241969846318
0.22878574264126428
0.2276757309518871
0.22644238463037425
0.22508570367669734
0.22436111271281334
0.22281942981092584
0.22115441227687427
0.21936606011067283
0.21745437331233575
0.21541935188182038
0.21326099581916935
0.21097930512436847
0.20857427979741772
0.20604591983828868
0.2033942252470382
0.20061919602363787
0.19772083216807346
0.19469913368035918
0.19155410056049504
0.18828573280845262
0.18489403042428876
0.18137899340797503
0.17774062175951144
0.17397891547886957
0.17009387456610625
0.16608549902116465
0.1619537888441016
0.15769874403486028
0.1533203645934833
0.14881865051994225
0.14419360181426555
0.13944521847642477
0.13457350050643413
0.12957844790429363
0.12446006067000326
0.11921833880356303
0.11385328230497294
0.10836489117421877
0.10275316541132895
0.09701810501627506
0.0911597099890713
0.08517798032971768
0.07907291603819999
0.07284451711454665
0.06649278355874344
0.06001771537077616
0.053419312550673226
0.04669757509840622
0.03985250301398935
0.03288409629743683
0.02579235494870602
0.01857727896783956
0.01123886835482324
0.0037771231096570546
0.003184142944832047
0.009486776402667374
0.015701873284712065
0.021829433590923486
0.027869457321358482
0.03382194447597442
0.03968689505479972
0.04546430905780596
0.05115418648500736
0.05675652733641812
0.06227133161203824
0.0676985993118393
0.0730383304358071
0.07829052498402689
0.08345518295642762
0.0885323043530093
0.09352188917377191
0.0984239374187581
0.10323844908795365
0.10796542418131594
0.1126048626989018
0.1171567646406686
0.12162113000663055
0.12599795879680187
0.13028725101115413
0.13448900664971575
0.13860322571247252
0.14262990819941024
0.1465690541105431
0.15042066344589955
0.15418473620543693
0.15786127238916947
0.16145027199711137
0.16495173502924843
0.16836566148556642
0.17169205136609378
0.1749309046708163
0.17808222139971974
0.18114600155283256
0.18412224513015474
0.18701095213165786
0.18981212255735613
0.19252575640726377
0.19515185368135235
0.1976904143796503
0.2001414385021434
0.20250492604883163
0.20478087701971504
0.2069692914147936
0.2090701692340673
0.21108351047753615
0.21300931514521437
0.21484758323708775
0.21659831475315627
0.21826150969341995
0.21983716805786457
0.22132528984651856
0.2227258750593819
0.2240389236964404
0.22526443575766564
0.22640241124311444
0.2274528501527584
0.2284157524865833
0.22929111824461756
0.23007894742684698
0.23077924003327155
0.23139199606390548
0.23191721551872035
0.2323548983977446
0.23270504470093556
0.2329676544283643
0.233142727579974
0.23323026415576464
0.23323026415576464
0.23314272757994559
0.2329676544283501
0.23270504470093556
0.23235489839771617
0.23191721551870614
0.23139199606387706
0.23077924003325734
0.23007894742684698
0.22929111824461756
0.2284157524865833
0.2274528501527442
0.22640241124310023
0.22526443575765143
0.22403892369641198
0.2227258750593677
0.22132528984650435
0.21983716805786457
0.21826150969340574
0.21659831475314206
0.21484758323707354
0.21300931514520016
0.21108351047753615
0.20907016923405308
0.20696929141477938
0.20478087701970082
0.20250492604881742
0.20014143850212918
0.19769041437963608
0.19515185368135235
0.19252575640723535
0.18981212255735613
0.18701095213164365
0.18412224513012632
0.18114600155283256
0.17808222139970553
0.17493090467078787
0.17169205136607957
0.1683656614855522
0.16495173502923421
0.16145027199709716
0.15786127238916947
0.15418473620542272
0.15042066344588534
0.1465690541105431
0.14262990819939603
0.1386032257124583
0.13448900664970154
0.13028725101113992
0.12599795879677345
0.12162113000661634
0.1171567646406686
0.11260486269888759
0.10796542418131594
0.10323844908793944
0.09842393741877231
0.09352188917378612
0.08853230435299508
0.08345518295641341
0.07829052498401268
0.07303833043583552
0.06769859931182509
0.06227133161202403
0.05675652733641812
0.05115418648500736
0.045464309057820174
0.03968689505478551
0.03382194447596021
0.027869457321358482
0.021829433590923486
0.015701873284712065
0.009486776402667374
0.003184142944832047
0.006346401745744856
0.012605266915656443
0.018776595509791605
0.024860387528107708
0.030856642970647385
0.036765361837368005
0.042586544128283776
0.04832018984338049
0.053966298982672356
0.059524871546187796
0.0649959075339126
0.07037940694578992
0.07567536978189082
0.08088379604218687
0.08600468572669229
0.09103803883536443
0.09598385536824594
0.1008421353253226
0.10561287870660863
0.11029608551207559
0.11489175574173771
0.1193998893956092
0.12382048647366162
0.12815354697593762
0.13239907090238034
0.13655705825304665
0.1406275090278939
0.1446104232269363
0.14850580085018805
0.15231364189762076
0.15603394636926282
0.15966671426510004
0.1632119455851324
0.16666964032935994
0.1700397984977826
0.17332242009041465
0.17651750510722763
0.17962505354823577
0.18264506541343906
0.1855775407028517
0.18842247941647372
0.19117988155426247
0.19384974711626057
0.19643207610245383
0.19892686851284225
0.20133412434744002
0.20365384360623295
0.20588602628922104
0.20803067239639006
0.21008778192775424
0.21205735488332778
0.21393939126311068
0.21573389106707452
0.21744085429524773
0.21906028094760188
0.22059217102415118
0.22203652452490985
0.22339334144984946
0.22466262179899843
0.22584436557235676
0.22693857276988183
0.22794524339161626
0.22886437743756005
0.22969597490768479
0.2304400358020331
0.23109656012053392
0.23166554786325833
0.2321469990301921
0.2325409136213068
0.23284729163660245
0.23306613307612167
0.23319743793982184
0.23324120622773137
0.23319743793982184
0.23306613307613588
0.23284729163661666
0.2325409136213068
0.2321469990301921
0.23166554786328675
0.23109656012054813
0.2304400358020331
0.2296959749077132
0.22886437743757426
0.22794524339163047
0.22693857276991025
0.22584436557235676
0.22466262179902685
0.22339334144986367
0.22203652452490985
0.22059217102415118
0.21906028094760188
0.21744085429523352
0.21573389106707452
0.2139393912631249
0.212057354883342
0.21008778192776845
0.20803067239640427
0.20588602628920682
0.20365384360623295
0.20133412434745424
0.19892686851285646
0.19643207610246805
0.19384974711627478
0.19117988155427668
0.18842247941647372
0.18557754070286592
0.18264506541346748
0.17962505354824998
0.17651750510722763
0.17332242009041465
0.1700397984977826
0.16666964032935994
0.16321194558514662
0.15966671426511425
0.15603394636926282
0.15231364189764918
0.14850580085018805
0.1446104232269505
0.1406275090279081
0.13655705825304665
0.13239907090239456
0.12815354697593762
0.12382048647369004
0.1193998893956234
0.11489175574175192
0.1102960855120898
0.10561287870660863
0.1008421353253226
0.09598385536824594
0.09103803883536443
0.08600468572669229
0.08088379604218687
0.07567536978189082
0.07037940694580413
0.06499590753389839
0.05952487154620201
0.05396629898268657
0.04832018984338049
0.042586544128269566
0.036765361837353794
0.030856642970633175
0.02486038752812192
0.018776595509791605
0.012605266915670654
0.006346401745730645
0
0.007523412561226905
0.014923490490360791
0.02220023378728797
0.029353642452079498
0.03638371648473537
0.043290455885212964
0.05007386065356911
0.05673393078973277
0.06327066629378919
0.06968406716566733
0.07597413340540982
0.08214086501297402
0.08818426198841678
0.09410432433168125
0.09990105204281008
0.10557444512178904
0.11112450356858972
0.11655122738328316
0.12185461656581253
0.12703467111617783
0.13209139103437906
0.13702477632045884
0.14183482697437455
0.1465215429961262
0.15108492438571375
0.15552497114317987
0.15984168326851034
0.1640350607616483
0.16810510362263642
0.1720518118515173
0.1758751854482199
0.1795752244127442
0.1831519287451755
0.18660529844538587
0.18993533351350322
0.19314203394942808
0.1962253997532457
0.19918543092485663
0.20202212746437453
0.20473548937168573
0.2073255166468897
0.20979220928990117
0.2121355673007912
0.21435559067950294
0.21645227942609324
0.21842563354049105
0.22027565302281005
0.22200233787290813
0.22360568809089898
0.22436111271279913
0.22577946098255097
0.22707447462015296
0.22824615362557665
0.22929449799889312
0.2302195077400313
0.2310211828489912
0.23169952332582966
0.23225452917051825
0.23268620038304277
0.23299453696343164
0.23317953891165644
0.23324120622773137
0.23317953891165644
0.23299453696343164
0.23268620038304277
0.23225452917051825
0.23169952332582966
0.2310211828489912
0.23021950774000288
0.2292944979988647
0.22824615362559086
0.22707447462013874
0.22577946098255097
0.22436111271281334
0.22281942981092584
0.22115441227687427
0.21936606011067283
0.21745437331233575
0.21541935188182038
0.21326099581916935
0.21097930512436847
0.20857427979741772
0.20604591983828868
0.2033942252470382
0.20061919602363787
0.19772083216807346
0.19469913368035918
0.19155410056049504
0.18828573280845262
0.18489403042428876
0.18137899340797503
0.17774062175951144
0.17397891547886957
0.17009387456610625
0.16608549902116465
0.1619537888441016
0.15769874403486028
0.1533203645934833
0.14881865051994225
0.14419360181426555
0.13944521847642477
0.13457350050643413
0.12957844790429363
0.12446006067000326
0.11921833880356303
0.11385328230497294
0.10836489117421877
0.10275316541132895
0.09701810501627506
0.0911597099890713
0.08517798032971768
0.07907291603819999
0.07284451711454665
0.06649278355874344
0.06001771537077616
0.053419312550673226
0.04669757509840622
0.03985250301398935
0.03288409629743683
0.02579235494870602
0.01857727896783956
0.01123886835482324
0.0037771231096570546
0.00552030632654521
0.016362584620566167
0.02694041710255135
0.03725380377250076
0.04730274463037176
0.05708723967620699
0.06660728890999223
0.07586289233171328
0.08485404994139856
0.09358076173904806
0.10204302772464757
0.11024084789818289
0.11817422225965402
0.12584315080908937
0.13324763354650315
0.14038767047182432
0.1472632615850955
0.15387440688633092
0.16022110637555897
0.16630336005269442
0.17212116791776566
0.17767452997080113
0.18296344621178662
0.18798791664073633
0.19274794125763606
0.1972435200624716
0.20147465305528556
0.2054413402360069
0.2091435816047067
0.2125813771613423
0.2157547269059421
0.21866363083849194
0.22130808895896337
0.22368810126744165
0.22580366776382732
0.22765478844817721
0.22924146332047712
0.23056369238071284
0.231621475628927
0.23241481306506273
0.2329437046891627
0.23320815050121269
0.2332081505012269
0.2329437046891769
0.23241481306507694
0.2316214756289412
0.23056369238072705
0.22924146332047712
0.22765478844819143
0.22580366776384153
0.22368810126744165
0.221308088959006
0.21866363083849194
0.21575472690595632
0.2125813771613565
0.2091435816047067
0.2054413402360069
0.20147465305527135
0.1972435200624858
0.19274794125763606
0.18798791664076475
0.18296344621180083
0.17767452997081534
0.17212116791776566
0.1663033600526802
0.16022110637553055
0.15387440688634513
0.14726326158510972
0.14038767047182432
0.13324763354648894
0.12584315080908937
0.11817422225965402
0.11024084789818289
0.10204302772463336
0.09358076173904806
0.08485404994141277
0.0758628923317417
0.06660728890999223
0.05708723967620699
0.04730274463037176
0.03725380377248655
0.02694041710255135
0.016362584620566167
0.00552030632654521
0.011807740223233054
0.034503137015931884
0.05597175560362189
0.07621359598631727
0.09522865816397541
0.11301694213665314
0.12957844790427941
0.1449131754669537
0.1590211248245481
0.17190229597719053
0.1835566889247673
0.19398430366737784
0.20318514020493694
0.21115919853754406
0.2179064786650855
0.22342698058766075
0.22772070430517033
0.23078764981772792
0.23262781712520564
0.23324120622774558
0.23262781712523406
0.2307876498177137
0.22772070430518454
0.22342698058764654
0.2179064786650997
0.21468618587694266
0.20732551664687549
0.19873806921179948
0.18892384357170044
0.1778828397266068
0.1656150576765043
0.1521204974213788
0.13739915896124444
0.12145104229610126
0.10427614742593505
0.08587447435077422
0.06624602307060456
0.04539079358541187
0.02330878589521035
0
0.11424059080542293
0.19040098467570488
0.22848118161083164
0.22848118161083164
0.19040098467570488
0.11424059080542293
0
